scaler-canvas-layer/docs/data/Test_V.asc
ncols         61
nrows         37
xllcorner     129.5835
yllcorner     -50.2940
cellsize      0.5560
NODATA_value  -999.0000
[rows 0 to 19 of 37, columns 0 to 43 of 61]
7.48307800292969 8.23307800292969 7.98307800292969 6.10807800292969 2.48307800292969 -1.26692199707031 -3.51692199707031 -3.76692199707031 -3.01692199707031 -2.26692199707031 -1.64192199707031 -1.64192199707031 -2.89192199707031 -5.26692199707031 -7.39192199707031 -8.26692199707031 -8.76692199707031 -8.64192199707031 -8.01692199707031 -6.89192199707031 -5.51692199707031 -4.51692199707031 -3.76692199707031 -3.01692199707031 -2.14192199707031 -1.26692199707031 -0.266921997070313 1.73307800292969 3.23307800292969 2.48307800292969 0.983078002929688 0.733078002929688 1.23307800292969 1.98307800292969 2.73307800292969 3.60807800292969 4.35807800292969 4.85807800292969 4.85807800292969 4.60807800292969 4.23307800292969 3.98307800292969 3.73307800292969 3.48307800292969
7.23307800292969 7.73307800292969 7.98307800292969 7.23307800292969 4.73307800292969 0.983078002929688 -2.14192199707031 -3.64192199707031 -3.64192199707031 -3.14192199707031 -2.76692199707031 -2.26692199707031 -2.89192199707031 -4.89192199707031 -7.01692199707031 -8.26692199707031 -8.89192199707031 -9.01692199707031 -8.26692199707031 -7.14192199707031 -5.76692199707031 -4.51692199707031 -3.51692199707031 -2.51692199707031 -1.76692199707031 -1.14192199707031 -0.0169219970703125 1.73307800292969 2.98307800292969 2.48307800292969 1.60807800292969 1.48307800292969 1.98307800292969 2.60807800292969 3.35807800292969 4.23307800292969 5.23307800292969 6.10807800292969 6.48307800292969 6.48307800292969 6.23307800292969 5.98307800292969 5.60807800292969 5.10807800292969
6.48307800292969 6.73307800292969 7.10807800292969 7.23307800292969 5.98307800292969 3.10807800292969 -0.266921997070313 -2.76692199707031 -3.64192199707031 -3.51692199707031 -3.01692199707031 -2.26692199707031 -2.39192199707031 -4.26692199707031 -6.64192199707031 -8.01692199707031 -8.89192199707031 -9.01692199707031 -8.26692199707031 -7.14192199707031 -5.89192199707031 -4.76692199707031 -3.76692199707031 -2.51692199707031 -1.39192199707031 -0.641921997070313 -0.0169219970703125 1.48307800292969 2.60807800292969 2.23307800292969 1.73307800292969 1.73307800292969 2.23307800292969 2.85807800292969 3.48307800292969 4.48307800292969 5.48307800292969 6.48307800292969 7.23307800292969 7.60807800292969 7.85807800292969 7.98307800292969 7.73307800292969 7.35807800292969
5.85807800292969 6.35807800292969 6.73307800292969 7.23307800292969 6.48307800292969 4.35807800292969 1.60807800292969 -1.39192199707031 -3.26692199707031 -3.76692199707031 -3.14192199707031 -2.14192199707031 -2.26692199707031 -4.14192199707031 -6.51692199707031 -7.89192199707031 -8.64192199707031 -8.64192199707031 -8.14192199707031 -7.26692199707031 -6.14192199707031 -5.01692199707031 -4.14192199707031 -2.89192199707031 -1.26692199707031 -0.266921997070313 0.233078002929688 0.983078002929688 1.85807800292969 1.85807800292969 1.60807800292969 1.73307800292969 2.23307800292969 2.85807800292969 3.60807800292969 4.48307800292969 5.60807800292969 6.60807800292969 7.48307800292969 8.10807800292969 8.60807800292969 9.10807800292969 9.23307800292969 9.10807800292969
5.85807800292969 6.48307800292969 7.23307800292969 7.98307800292969 7.48307800292969 5.60807800292969 3.23307800292969 0.483078002929688 -2.39192199707031 -4.01692199707031 -3.89192199707031 -2.89192199707031 -3.14192199707031 -4.76692199707031 -6.51692199707031 -7.51692199707031 -8.01692199707031 -8.14192199707031 -8.01692199707031 -7.39192199707031 -6.51692199707031 -5.39192199707031 -4.26692199707031 -2.76692199707031 -1.14192199707031 -0.266921997070313 0.108078002929688 0.358078002929688 0.858078002929688 1.10807800292969 1.23307800292969 1.73307800292969 2.35807800292969 2.98307800292969 3.85807800292969 4.73307800292969 5.73307800292969 6.60807800292969 7.48307800292969 8.23307800292969 8.98307800292969 9.60807800292969 9.98307800292969 9.98307800292969
5.48307800292969 6.23307800292969 7.23307800292969 8.48307800292969 8.73307800292969 7.23307800292969 4.85807800292969 2.23307800292969 -0.766921997070313 -3.51692199707031 -4.51692199707031 -4.01692199707031 -4.14192199707031 -5.14192199707031 -6.26692199707031 -7.01692199707031 -7.64192199707031 -7.89192199707031 -7.76692199707031 -7.39192199707031 -6.64192199707031 -5.76692199707031 -4.64192199707031 -2.89192199707031 -1.14192199707031 -0.391921997070313 -0.516921997070313 -0.516921997070313 -0.0169219970703125 0.483078002929688 0.983078002929688 1.73307800292969 2.48307800292969 3.23307800292969 3.98307800292969 4.73307800292969 5.73307800292969 6.60807800292969 7.48307800292969 8.35807800292969 8.98307800292969 9.60807800292969 10.1080780029297 10.2330780029297
5.23307800292969 5.73307800292969 6.60807800292969 7.85807800292969 8.73307800292969 8.35807800292969 6.60807800292969 3.98307800292969 1.10807800292969 -1.89192199707031 -4.01692199707031 -4.51692199707031 -4.64192199707031 -5.26692199707031 -6.26692199707031 -7.26692199707031 -7.76692199707031 -7.89192199707031 -7.39192199707031 -6.64192199707031 -5.89192199707031 -5.39192199707031 -4.89192199707031 -3.64192199707031 -2.26692199707031 -1.64192199707031 -1.51692199707031 -1.64192199707031 -1.14192199707031 -0.141921997070313 0.858078002929688 1.73307800292969 2.60807800292969 3.23307800292969 3.85807800292969 4.60807800292969 5.48307800292969 6.48307800292969 7.35807800292969 8.10807800292969 8.85807800292969 9.35807800292969 9.73307800292969 9.73307800292969
4.98307800292969 5.23307800292969 5.98307800292969 6.98307800292969 8.10807800292969 8.60807800292969 7.73307800292969 5.85807800292969 3.60807800292969 0.358078002929688 -2.76692199707031 -4.26692199707031 -4.76692199707031 -5.89192199707031 -6.89192199707031 -7.76692199707031 -8.26692199707031 -8.01692199707031 -7.14192199707031 -6.14192199707031 -5.26692199707031 -4.76692199707031 -4.64192199707031 -3.76692199707031 -2.76692199707031 -2.64192199707031 -3.14192199707031 -3.14192199707031 -2.01692199707031 -0.641921997070313 0.733078002929688 1.73307800292969 2.35807800292969 2.98307800292969 3.60807800292969 4.35807800292969 5.23307800292969 6.23307800292969 7.10807800292969 7.85807800292969 8.35807800292969 8.73307800292969 8.85807800292969 8.85807800292969
4.48307800292969 4.60807800292969 5.23307800292969 6.10807800292969 7.23307800292969 8.23307800292969 8.10807800292969 7.23307800292969 5.85807800292969 2.85807800292969 -1.14192199707031 -3.64192199707031 -4.89192199707031 -6.39192199707031 -7.64192199707031 -8.51692199707031 -8.89192199707031 -8.64192199707031 -7.76692199707031 -6.76692199707031 -5.64192199707031 -4.64192199707031 -4.01692199707031 -3.39192199707031 -3.39192199707031 -4.14192199707031 -4.89192199707031 -4.51692199707031 -2.89192199707031 -1.01692199707031 0.483078002929688 1.48307800292969 1.98307800292969 2.60807800292969 3.23307800292969 3.98307800292969 4.98307800292969 5.98307800292969 6.85807800292969 7.48307800292969 7.98307800292969 8.10807800292969 8.10807800292969 7.98307800292969
3.98307800292969 3.98307800292969 4.48307800292969 5.35807800292969 6.35807800292969 7.23307800292969 7.85807800292969 7.98307800292969 7.35807800292969 5.10807800292969 0.983078002929688 -2.64192199707031 -5.01692199707031 -7.01692199707031 -8.51692199707031 -9.64192199707031 -10.1419219970703 -9.76692199707031 -8.76692199707031 -7.39192199707031 -6.01692199707031 -4.51692199707031 -3.14192199707031 -2.51692199707031 -3.51692199707031 -6.01692199707031 -7.01692199707031 -5.64192199707031 -3.51692199707031 -1.39192199707031 0.108078002929688 0.983078002929688 1.60807800292969 2.10807800292969 2.73307800292969 3.60807800292969 4.73307800292969 5.73307800292969 6.60807800292969 7.35807800292969 7.60807800292969 7.73307800292969 7.48307800292969 7.35807800292969
3.60807800292969 3.48307800292969 3.73307800292969 4.35807800292969 5.35807800292969 6.23307800292969 7.10807800292969 7.85807800292969 7.98307800292969 6.85807800292969 3.85807800292969 -0.391921997070313 -4.51692199707031 -7.51692199707031 -9.64192199707031 -11.1419219970703 -11.7669219970703 -11.2669219970703 -10.1419219970703 -8.26692199707031 -6.39192199707031 -4.51692199707031 -2.51692199707031 -1.76692199707031 -2.89192199707031 -6.26692199707031 -8.14192199707031 -6.51692199707031 -4.01692199707031 -1.89192199707031 -0.391921997070313 0.483078002929688 0.983078002929688 1.60807800292969 2.35807800292969 3.35807800292969 4.60807800292969 5.73307800292969 6.60807800292969 7.23307800292969 7.60807800292969 7.60807800292969 7.48307800292969 7.10807800292969
3.48307800292969 3.10807800292969 3.10807800292969 3.48307800292969 4.35807800292969 5.23307800292969 6.10807800292969 6.85807800292969 7.60807800292969 7.73307800292969 6.48307800292969 2.60807800292969 -2.89192199707031 -7.64192199707031 -10.6419219970703 -12.2669219970703 -12.7669219970703 -12.3919219970703 -11.1419219970703 -8.64192199707031 -6.51692199707031 -4.39192199707031 -2.26692199707031 -2.01692199707031 -3.26692199707031 -6.51692199707031 -8.51692199707031 -7.01692199707031 -4.51692199707031 -2.26692199707031 -0.891921997070313 -0.0169219970703125 0.483078002929688 1.23307800292969 2.23307800292969 3.35807800292969 4.60807800292969 5.73307800292969 6.73307800292969 7.35807800292969 7.73307800292969 7.73307800292969 7.48307800292969 7.10807800292969
3.60807800292969 2.98307800292969 2.60807800292969 2.73307800292969 3.35807800292969 4.10807800292969 4.98307800292969 5.85807800292969 6.73307800292969 7.60807800292969 7.60807800292969 5.23307800292969 -0.266921997070313 -6.64192199707031 -10.3919219970703 -12.0169219970703 -12.7669219970703 -12.5169219970703 -11.2669219970703 -8.14192199707031 -5.39192199707031 -4.14192199707031 -2.64192199707031 -2.64192199707031 -4.39192199707031 -7.14192199707031 -8.76692199707031 -7.14192199707031 -4.76692199707031 -2.76692199707031 -1.39192199707031 -0.641921997070313 0.108078002929688 0.983078002929688 2.10807800292969 3.48307800292969 4.60807800292969 5.85807800292969 6.73307800292969 7.48307800292969 7.73307800292969 7.73307800292969 7.48307800292969 7.10807800292969
3.60807800292969 2.85807800292969 2.23307800292969 2.10807800292969 2.35807800292969 3.10807800292969 3.98307800292969 4.98307800292969 5.98307800292969 6.98307800292969 7.73307800292969 7.10807800292969 2.48307800292969 -4.89192199707031 -9.64192199707031 -11.8919219970703 -13.1419219970703 -13.1419219970703 -11.7669219970703 -8.26692199707031 -5.26692199707031 -4.51692199707031 -3.26692199707031 -2.64192199707031 -5.39192199707031 -8.64192199707031 -9.01692199707031 -7.26692199707031 -5.01692199707031 -3.26692199707031 -2.01692199707031 -1.14192199707031 -0.266921997070313 0.858078002929688 2.23307800292969 3.60807800292969 4.73307800292969 5.85807800292969 6.73307800292969 7.35807800292969 7.60807800292969 7.60807800292969 7.60807800292969 7.60807800292969
3.35807800292969 2.73307800292969 1.85807800292969 1.48307800292969 1.60807800292969 2.23307800292969 3.10807800292969 4.10807800292969 5.23307800292969 6.35807800292969 7.48307800292969 7.85807800292969 4.85807800292969 -2.64192199707031 -9.76692199707031 -13.7669219970703 -15.5169219970703 -15.0169219970703 -12.8919219970703 -9.01692199707031 -5.76692199707031 -4.26692199707031 -3.01692199707031 -2.89192199707031 -6.39192199707031 -9.64192199707031 -9.14192199707031 -7.39192199707031 -5.39192199707031 -3.76692199707031 -2.64192199707031 -1.64192199707031 -0.391921997070313 0.858078002929688 2.23307800292969 3.60807800292969 4.85807800292969 5.85807800292969 6.73307800292969 7.23307800292969 7.35807800292969 7.60807800292969 7.98307800292969 8.35807800292969
2.98307800292969 2.35807800292969 1.60807800292969 1.10807800292969 0.983078002929688 1.48307800292969 2.23307800292969 3.10807800292969 4.35807800292969 5.60807800292969 6.85807800292969 7.85807800292969 6.48307800292969 0.233078002929688 -7.89192199707031 -14.0169219970703 -16.6419219970703 -16.1419219970703 -13.8919219970703 -10.3919219970703 -7.01692199707031 -5.01692199707031 -4.76692199707031 -5.51692199707031 -7.76692199707031 -9.51692199707031 -8.89192199707031 -7.39192199707031 -5.76692199707031 -4.26692199707031 -3.01692199707031 -1.89192199707031 -0.516921997070313 0.983078002929688 2.35807800292969 3.60807800292969 4.73307800292969 5.85807800292969 6.60807800292969 6.98307800292969 7.23307800292969 7.73307800292969 8.48307800292969 8.98307800292969
2.10807800292969 1.73307800292969 1.10807800292969 0.733078002929688 0.608078002929688 0.858078002929688 1.48307800292969 2.23307800292969 3.35807800292969 4.73307800292969 6.10807800292969 7.48307800292969 6.98307800292969 2.85807800292969 -4.26692199707031 -10.8919219970703 -14.8919219970703 -16.0169219970703 -15.1419219970703 -12.7669219970703 -9.76692199707031 -8.01692199707031 -7.64192199707031 -7.89192199707031 -8.76692199707031 -9.14192199707031 -8.51692199707031 -7.26692199707031 -5.89192199707031 -4.51692199707031 -3.14192199707031 -1.89192199707031 -0.391921997070313 1.10807800292969 2.35807800292969 3.48307800292969 4.48307800292969 5.60807800292969 6.35807800292969 6.73307800292969 7.23307800292969 7.98307800292969 8.73307800292969 9.35807800292969
1.10807800292969 0.983078002929688 0.483078002929688 0.233078002929688 0.233078002929688 0.483078002929688 0.858078002929688 1.48307800292969 2.48307800292969 3.85807800292969 5.35807800292969 6.73307800292969 6.85807800292969 4.23307800292969 -1.51692199707031 -8.01692199707031 -12.8919219970703 -15.3919219970703 -15.7669219970703 -14.2669219970703 -11.8919219970703 -10.2669219970703 -9.51692199707031 -9.26692199707031 -9.14192199707031 -8.76692199707031 -8.01692199707031 -7.01692199707031 -5.89192199707031 -4.51692199707031 -3.14192199707031 -1.64192199707031 -0.266921997070313 1.10807800292969 2.23307800292969 3.23307800292969 4.23307800292969 5.23307800292969 5.98307800292969 6.60807800292969 7.35807800292969 8.10807800292969 8.85807800292969 9.60807800292969
0.108078002929688 0.108078002929688 -0.141921997070313 -0.391921997070313 -0.266921997070313 -0.141921997070313 0.233078002929688 0.608078002929688 1.48307800292969 2.98307800292969 4.60807800292969 5.85807800292969 6.35807800292969 4.73307800292969 0.358078002929688 -5.76692199707031 -11.0169219970703 -14.1419219970703 -15.2669219970703 -14.3919219970703 -12.8919219970703 -11.6419219970703 -10.8919219970703 -10.1419219970703 -9.39192199707031 -8.51692199707031 -7.76692199707031 -6.76692199707031 -5.64192199707031 -4.26692199707031 -2.76692199707031 -1.39192199707031 -0.0169219970703125 1.10807800292969 2.10807800292969 2.98307800292969 3.98307800292969 4.85807800292969 5.60807800292969 6.35807800292969 7.23307800292969 8.10807800292969 8.85807800292969 9.60807800292969
-0.641921997070313 -0.641921997070313 -0.766921997070313 -0.891921997070313 -0.766921997070313 -0.641921997070313 -0.516921997070313 -0.0169219970703125 0.733078002929688 1.98307800292969 3.73307800292969 5.10807800292969 5.60807800292969 4.60807800292969 1.35807800292969 -3.76692199707031 -9.01692199707031 -11.6419219970703 -11.6419219970703 -11.3919219970703 -11.1419219970703 -10.6419219970703 -10.6419219970703 -10.5169219970703 -9.51692199707031 -8.51692199707031 -7.64192199707031 -6.64192199707031 -5.39192199707031 -3.89192199707031 -2.39192199707031 -1.01692199707031 0.108078002929688 1.10807800292969 1.85807800292969 2.73307800292969 3.85807800292969 4.60807800292969 5.35807800292969 6.10807800292969 6.98307800292969 7.73307800292969 8.60807800292969 8.98307800292969
