fast-velocity-layer/mo-data.js
{"header": {"refTime":"2020-03-23T06:00:00.000Z","parameterNumber":31,"parameterCategory":2,"nx":647,"ny":720,"lo1":-13.620000839233398,"la1":60.866004383191466,"lo2":6.4060000367462635,"la2":47.92400360107422,"dx":0.031000001,"dy":0.018000001}, "data":
[rows 630 to 674 of 720, columns 192 to 287 of 647]
214,214,217,219,221,220,221,222,223,226,226,229,231,236,239,240,236,227,227,216,216,220,227,233,237,235,235,227,222,219,217,219,223,228,232,232,235,236,237,236,237,240,241,241,219,189,188,196,205,215,224,230,231,233,232,230,230,230,222,192,192,190,199,206,208,208,210,215,224,224,246,229,213,208,203,199,198,196,196,195,197,199,204,210,211,208,208,205,205,208,210,213,220,230,235,235
211,214,214,215,218,222,223,224,223,222,222,225,230,236,239,242,241,234,224,219,215,217,222,228,233,234,231,231,224,220,218,218,222,226,232,235,235,237,238,238,237,239,243,240,240,212,190,192,202,212,222,228,230,233,233,233,232,232,232,222,203,203,204,210,217,218,217,218,226,226,244,237,211,203,200,198,198,197,197,198,200,202,206,212,215,215,215,212,209,207,208,210,212,220,230,230
210,211,213,213,214,220,223,224,222,219,220,220,225,230,235,238,241,240,233,224,217,217,220,224,228,231,230,225,225,222,220,219,220,224,229,234,234,236,238,238,238,238,240,242,232,232,205,196,201,211,219,226,232,232,234,234,234,235,235,236,231,231,223,222,221,223,223,225,230,242,242,247,208,197,194,194,196,199,199,202,205,206,209,212,215,218,218,218,216,211,206,207,208,211,219,219
209,209,210,210,212,217,220,222,221,219,219,222,222,225,230,234,238,241,240,222,222,217,218,221,224,226,226,223,223,221,222,222,221,222,227,232,235,235,238,239,239,240,240,240,236,236,220,207,206,212,220,226,231,234,234,235,236,236,236,237,239,240,240,238,232,230,228,228,234,244,244,251,209,192,190,193,196,200,204,204,208,209,211,213,214,216,218,218,219,218,214,208,205,206,210,218
207,208,209,210,210,214,217,219,221,221,221,221,221,223,226,229,233,238,241,231,221,221,218,219,221,222,222,221,219,219,221,225,225,222,224,229,233,233,237,240,241,241,241,240,236,225,225,214,211,213,221,228,231,234,234,235,235,235,236,237,239,244,244,245,242,237,232,230,235,245,253,253,224,200,194,195,198,202,205,205,209,211,213,213,214,215,216,218,218,219,221,218,210,205,205,208
205,208,210,208,208,211,214,217,220,223,224,224,223,223,222,221,223,230,235,237,226,226,218,218,219,220,219,217,216,218,218,223,228,226,223,227,229,234,234,239,242,242,242,241,238,227,227,216,215,215,221,229,232,235,236,236,235,236,236,237,238,242,245,245,246,242,234,232,234,241,252,252,238,212,201,200,200,203,206,209,209,212,213,214,214,215,215,216,216,217,220,224,223,213,205,204
204,209,212,209,205,208,211,214,218,222,224,225,223,220,220,216,215,221,228,234,225,217,217,216,218,218,216,215,214,213,213,217,224,228,225,224,227,230,230,236,240,242,243,242,241,233,217,217,211,215,219,226,233,235,237,237,236,236,236,236,239,241,243,243,245,243,237,230,231,237,248,243,242,220,208,205,204,205,208,212,212,215,216,215,213,214,214,215,215,214,214,219,225,226,214,205
201,206,210,210,209,206,206,210,215,220,223,224,225,225,225,220,217,220,226,228,220,213,213,212,214,215,215,213,212,211,212,212,218,224,225,222,223,226,231,231,236,240,242,242,242,238,225,225,209,209,213,220,234,238,239,238,238,237,237,236,237,241,242,244,244,244,241,231,225,229,240,242,243,222,210,206,205,205,208,210,210,214,218,218,215,213,213,213,212,212,211,213,219,226,224,214
208,204,201,204,211,210,213,213,215,219,224,228,232,234,231,231,225,224,227,228,221,216,210,210,208,210,213,214,214,213,212,212,214,218,221,221,220,222,227,231,231,235,238,240,242,242,235,213,213,201,205,213,232,239,242,242,242,239,237,236,237,240,243,244,244,245,243,237,226,223,232,237,220,220,208,202,201,202,204,205,204,204,209,217,217,214,211,211,211,211,209,209,213,219,224,222
228,219,205,198,205,218,222,222,224,227,230,235,240,243,242,237,237,231,230,232,230,223,216,209,209,209,213,217,218,218,217,216,216,215,217,220,217,218,221,226,226,230,233,236,238,240,239,227,227,205,198,206,225,237,243,243,242,242,239,235,235,238,242,244,245,245,244,243,234,224,226,230,215,215,196,192,193,199,204,205,203,203,201,206,215,215,212,208,208,208,208,209,211,214,219,221
235,234,227,206,200,214,222,228,228,232,235,239,242,244,245,245,245,239,236,233,236,233,226,219,219,216,217,220,221,221,222,221,221,218,215,218,215,214,217,221,225,225,228,230,232,236,239,236,224,224,206,204,218,232,241,245,244,244,241,237,234,234,238,243,246,246,246,245,242,233,227,230,221,221,201,195,197,203,206,207,205,202,202,204,209,213,215,213,208,207,207,208,210,212,213,212
231,231,232,224,206,205,214,222,229,229,234,236,239,240,242,243,242,242,240,237,240,242,237,229,223,223,222,222,222,222,222,224,224,224,220,215,215,213,214,217,222,222,225,227,228,229,233,237,235,235,225,213,212,224,236,243,244,244,242,239,235,233,234,239,244,246,246,247,246,243,235,233,230,223,223,213,211,212,209,205,205,207,207,209,211,214,219,224,218,209,209,206,210,212,210,207
227,227,228,228,217,202,206,213,221,221,226,231,234,236,237,239,240,240,240,240,241,245,244,239,228,228,221,222,225,225,223,223,226,224,224,215,216,216,214,215,219,225,225,228,229,227,227,231,234,234,234,227,212,219,229,238,242,242,242,240,236,234,234,236,240,244,244,247,247,247,243,238,235,234,234,224,217,217,212,208,206,208,208,211,215,218,221,229,233,218,208,208,208,211,210,209
222,224,224,225,220,205,204,208,212,218,218,224,229,232,234,236,237,238,238,239,240,243,245,245,238,223,223,218,224,229,228,225,225,226,226,220,218,219,218,216,217,223,223,228,231,230,226,227,229,232,232,232,219,220,226,234,239,241,241,240,238,236,234,235,237,241,246,246,247,247,247,246,239,240,231,231,218,213,216,215,213,210,212,212,214,217,221,226,236,232,214,214,208,209,210,208
229,222,221,221,218,210,206,207,208,210,215,215,221,227,231,233,234,235,237,238,238,240,242,244,245,234,219,219,221,230,234,232,228,227,226,224,222,222,222,219,217,219,225,225,231,233,230,225,226,228,231,231,228,224,226,232,236,240,240,240,240,238,237,236,234,237,243,243,247,247,246,248,244,245,240,240,224,209,212,217,215,212,212,212,214,216,219,224,233,239,222,222,210,208,208,208
249,237,227,227,221,213,209,208,206,206,207,207,212,218,225,229,231,233,236,237,239,240,242,243,243,238,227,227,222,227,234,237,236,232,230,226,225,225,225,223,220,218,221,221,226,231,232,226,222,224,227,227,232,228,228,231,236,239,239,239,239,239,240,240,238,236,240,240,245,246,245,246,249,248,246,246,235,213,208,214,216,214,213,213,213,215,218,220,227,236,225,208,208,204,205,208
248,249,244,235,235,213,211,210,207,204,203,205,205,209,216,223,227,230,233,238,238,240,242,243,242,238,230,224,224,225,230,236,238,239,237,228,228,228,228,226,223,218,218,221,221,227,231,227,221,220,222,224,230,230,228,229,233,237,239,239,239,239,240,241,242,240,240,244,244,246,246,244,248,250,247,244,244,230,214,211,214,216,215,215,215,218,217,218,222,230,225,206,206,200,202,206
234,243,245,242,235,222,214,213,208,203,202,201,203,203,208,214,220,225,229,237,237,239,241,242,242,239,233,227,227,224,226,231,236,239,241,234,234,232,232,230,228,225,221,221,221,225,231,232,225,219,217,218,224,227,227,227,229,233,236,237,237,237,238,239,241,241,240,242,242,246,247,243,246,248,249,247,247,241,229,217,213,217,218,220,220,221,220,219,221,225,226,212,212,201,201,205
220,229,236,237,237,235,222,216,211,205,202,200,200,200,202,208,213,217,222,233,237,237,240,241,241,240,236,230,225,225,224,226,230,235,238,241,238,238,238,236,236,235,234,232,231,231,234,237,234,226,219,215,221,221,223,224,225,228,231,233,233,233,234,235,238,240,240,241,243,243,245,243,243,247,249,248,246,246,240,229,218,218,221,223,224,224,224,223,222,223,224,221,207,207,201,202
212,219,225,230,233,230,230,220,213,208,203,201,199,200,200,204,207,212,215,227,232,236,236,239,240,240,239,234,229,226,226,225,227,231,234,241,240,240,241,240,239,238,238,238,237,237,236,238,239,236,226,216,216,216,218,220,221,223,225,228,229,229,231,231,234,235,237,238,241,241,243,243,242,243,247,248,246,246,243,237,227,222,224,225,227,227,227,226,224,223,224,224,218,218,206,203
211,214,219,224,228,232,223,223,214,209,205,202,200,199,199,201,205,209,212,220,225,230,230,234,237,238,239,238,236,233,233,230,227,229,232,237,238,238,238,238,238,235,234,233,234,235,235,237,239,239,233,219,212,213,213,215,216,219,221,223,226,228,228,230,230,232,233,235,237,240,240,242,242,242,245,247,246,246,243,238,231,226,225,226,228,228,229,229,226,224,224,224,224,224,218,211
219,218,218,220,224,230,224,224,216,210,206,203,201,200,202,202,205,209,212,215,219,223,227,227,231,233,236,237,237,237,235,235,230,229,231,233,234,234,234,234,233,232,231,229,229,231,231,235,238,236,230,219,209,208,208,209,212,214,217,220,223,226,226,228,229,230,230,230,232,236,236,240,242,241,243,245,246,243,243,237,230,227,226,226,227,228,228,229,227,225,224,222,223,222,222,223
234,236,227,222,222,227,224,216,216,210,207,204,202,203,205,208,208,211,213,214,216,219,222,222,225,227,230,232,234,236,235,235,231,228,230,233,234,233,231,231,229,229,229,228,227,228,232,232,236,235,226,220,209,206,207,207,209,212,213,217,220,222,224,224,226,227,228,227,227,229,229,234,242,242,242,243,245,244,244,239,230,226,225,224,225,228,228,230,229,226,224,222,221,221,221,223
250,250,248,230,221,224,223,216,210,210,207,205,204,205,208,211,211,213,215,215,216,218,219,220,220,222,224,227,229,231,232,229,229,226,228,233,236,236,232,228,228,227,228,228,227,226,228,228,234,235,228,221,213,209,210,210,211,213,214,216,219,221,222,222,223,224,225,225,223,223,226,226,239,242,243,243,243,243,240,240,233,226,225,224,225,227,227,230,231,228,225,223,222,222,222,222
247,247,259,243,223,220,220,216,211,211,209,207,205,206,209,213,215,215,217,217,218,218,218,219,219,219,220,223,225,226,226,225,225,224,225,232,236,239,238,233,233,229,228,228,227,225,225,230,230,234,230,221,217,213,214,215,215,216,218,220,222,225,226,226,224,223,222,222,220,219,220,220,224,237,241,242,242,242,240,240,235,229,226,226,226,227,230,230,232,231,227,224,223,224,224,224
239,255,255,257,235,217,217,215,212,210,210,209,207,208,209,212,215,215,218,218,219,219,218,218,218,218,219,222,222,221,220,220,221,221,223,229,233,238,240,238,234,234,232,230,229,226,225,227,227,230,227,220,217,216,217,218,218,219,221,224,227,229,232,231,231,226,222,219,218,217,217,219,219,229,234,238,240,240,239,239,236,230,226,227,227,227,230,230,233,234,231,226,223,224,224,224
229,246,261,261,260,220,218,215,213,213,213,213,211,211,211,212,214,216,216,219,219,218,218,219,220,221,221,222,220,217,216,217,219,219,221,226,230,234,237,237,236,236,235,233,231,229,227,226,224,224,221,217,216,215,216,219,219,219,220,223,227,230,233,235,235,233,227,220,216,215,215,216,216,222,227,232,235,237,237,235,235,230,226,227,228,228,230,230,233,236,235,229,223,222,224,224
220,237,257,257,267,242,229,221,218,221,221,221,219,216,215,214,213,214,215,218,217,217,217,219,221,223,223,224,220,215,213,214,217,219,219,223,227,230,232,233,233,234,234,234,233,231,229,225,220,220,217,215,214,213,215,217,218,218,217,219,222,226,229,233,235,235,235,228,219,214,213,214,214,219,222,226,230,233,234,234,234,230,227,227,228,229,230,233,233,237,238,235,228,224,227,230
210,222,245,261,261,268,260,247,238,240,237,232,232,226,222,219,216,214,212,215,214,214,215,217,220,224,226,226,223,217,214,214,215,217,219,221,223,225,227,228,230,231,231,233,233,232,228,224,219,217,217,216,214,213,213,215,216,216,216,217,218,221,224,228,231,231,236,237,229,218,213,214,215,217,219,222,225,228,231,231,230,230,228,227,228,229,231,233,233,237,240,240,233,227,229,232
202,209,230,249,259,266,265,260,255,252,250,245,245,237,229,224,220,216,212,211,211,211,213,215,218,221,225,225,226,222,217,214,214,215,217,219,221,222,223,224,226,229,231,231,231,229,226,222,220,219,219,219,215,213,213,214,214,215,215,215,216,218,220,223,226,230,230,235,236,228,219,215,215,215,218,220,223,226,228,230,230,230,229,228,229,231,232,234,237,237,240,241,237,232,231,233
198,200,213,233,248,259,262,262,260,258,255,253,246,246,237,229,224,219,213,209,209,209,210,212,214,217,220,224,224,224,221,218,215,214,216,219,219,219,219,221,223,226,228,228,228,226,222,221,221,221,221,221,217,215,214,214,214,214,214,214,215,216,218,220,222,225,225,229,234,233,228,222,219,216,216,218,222,225,226,228,229,229,230,229,230,231,233,234,236,236,239,241,239,234,232,234
197,198,204,219,234,254,254,257,259,258,256,254,251,251,244,235,228,222,216,210,208,208,209,210,211,213,216,219,221,221,221,219,216,214,214,216,216,216,217,219,221,222,224,224,224,222,219,220,221,222,222,222,220,217,215,214,213,213,213,213,214,215,216,218,220,222,222,224,228,232,231,227,224,218,218,218,220,224,226,227,228,229,229,229,231,232,233,235,236,236,237,238,237,235,234,235
197,197,200,209,222,245,250,250,254,255,254,252,250,248,248,242,233,225,219,212,209,209,209,209,210,211,213,215,218,218,218,218,216,213,212,214,214,214,215,216,217,218,218,219,219,219,218,219,221,222,221,220,221,218,215,214,213,213,213,213,213,214,215,217,218,220,221,221,223,226,229,230,228,222,222,220,220,223,225,226,226,227,227,229,230,231,233,235,236,236,236,236,236,233,234,235
199,198,199,204,212,234,242,242,248,251,251,250,249,248,246,246,240,230,222,215,212,209,209,209,210,211,212,213,214,215,215,216,215,212,210,212,212,212,212,213,214,214,214,215,217,217,218,220,221,222,221,220,220,218,216,214,213,213,212,212,212,213,214,215,217,218,219,219,220,221,223,226,228,226,223,223,221,222,224,225,225,226,226,228,229,230,232,234,235,235,235,235,234,232,232,234
200,200,200,202,206,224,234,241,241,246,248,248,247,247,247,247,246,237,225,219,217,212,209,209,211,213,215,215,214,214,214,214,213,210,208,210,209,209,209,209,210,210,210,212,215,215,218,220,221,222,220,219,218,218,216,214,214,213,212,212,212,212,213,214,216,217,218,218,218,218,219,221,224,229,227,227,224,223,223,224,225,226,227,227,227,228,230,233,234,235,235,235,233,231,231,233
201,201,201,202,204,214,225,234,234,240,244,245,246,246,247,249,249,243,229,223,222,218,213,213,213,216,218,218,217,215,214,214,212,209,207,207,207,206,206,205,206,207,208,209,213,217,217,219,221,222,221,219,217,217,217,216,214,214,213,212,212,212,213,214,215,216,216,217,217,217,216,217,219,227,227,226,226,224,223,224,224,226,228,228,227,226,227,230,233,234,234,234,233,232,231,232
204,203,203,204,205,210,217,226,234,234,238,242,244,246,246,248,248,246,233,224,227,227,222,218,218,219,222,223,223,218,214,214,211,208,206,206,205,204,203,203,204,205,206,208,211,215,215,219,221,221,220,219,217,217,217,216,216,215,214,213,213,213,213,214,214,215,216,216,216,216,215,214,215,223,226,226,226,225,224,223,224,225,227,227,228,227,225,227,230,233,234,234,234,232,230,231
206,206,206,206,206,206,211,219,226,232,232,237,242,245,245,246,247,247,238,224,228,233,235,232,232,225,222,225,228,226,218,209,209,205,206,205,204,202,201,201,202,203,205,206,210,214,218,218,221,221,221,219,217,216,216,216,216,216,215,215,215,215,215,215,215,216,216,216,216,216,215,214,214,218,222,224,224,224,224,223,223,224,226,228,228,228,226,225,228,231,233,233,233,232,231,230
208,208,208,208,208,206,207,212,219,225,225,231,237,240,242,243,245,241,241,225,228,238,244,244,233,233,222,225,234,235,224,210,210,204,205,206,204,202,200,201,201,203,204,206,210,215,219,219,221,222,221,220,218,217,217,216,217,217,216,216,216,217,217,216,217,217,217,217,216,216,215,214,213,215,218,221,222,222,223,223,222,223,225,227,227,229,228,225,225,228,231,231,233,232,231,231
209,209,208,208,207,205,203,205,211,219,225,225,231,236,238,239,243,243,243,228,226,236,244,245,235,235,220,218,229,240,235,216,204,204,204,206,204,201,200,201,201,202,203,205,210,215,220,223,223,224,223,222,221,218,216,216,216,217,217,217,217,218,218,218,218,218,218,217,217,216,216,215,213,214,216,218,221,221,222,222,222,222,223,225,225,228,229,226,223,224,228,231,231,232,232,231
210,210,208,205,205,204,200,201,207,214,221,221,226,230,233,235,239,241,237,232,224,232,242,244,236,218,218,213,220,236,239,225,210,210,207,206,204,200,199,201,202,202,204,206,211,217,221,225,225,226,226,225,224,219,217,217,216,216,216,217,218,219,219,219,220,220,219,219,218,217,217,215,214,213,214,216,218,218,220,221,221,221,222,223,226,226,229,228,223,221,224,228,228,231,232,231
211,210,205,202,200,202,198,198,204,210,217,222,222,226,228,230,234,238,237,237,226,229,237,240,233,217,208,208,209,222,235,234,222,213,213,207,204,200,200,201,203,203,205,208,212,218,222,226,226,229,229,229,228,222,217,215,215,215,216,217,219,220,221,221,221,221,221,220,220,218,218,217,215,213,214,215,217,218,218,219,220,220,220,221,223,223,227,228,224,220,220,225,225,229,231,232
211,210,204,200,199,200,197,198,202,208,214,218,222,222,224,225,229,233,236,229,229,228,234,237,231,217,209,209,207,214,225,231,227,220,220,208,203,199,200,202,204,207,207,211,215,219,224,228,231,231,233,233,233,227,222,216,216,214,215,216,219,220,221,222,222,222,222,221,221,220,218,218,217,214,214,214,215,217,217,218,219,219,219,219,221,221,225,228,225,219,217,221,226,226,229,231
211,210,203,199,198,197,197,198,202,207,211,215,218,218,221,222,224,228,232,232,232,229,232,235,230,219,212,207,207,208,214,224,230,228,219,213,205,200,200,204,207,210,210,213,217,221,225,229,232,232,234,235,235,232,227,218,214,214,214,215,218,221,222,223,223,223,223,223,222,220,219,219,218,215,215,215,215,216,216,217,217,217,217,217,219,221,221,225,224,220,217,219,223,223,226,229
210,210,204,200,199,198,199,199,201,206,210,213,216,218,218,219,220,222,227,232,230,230,231,233,230,222,216,211,211,209,212,218,224,225,219,219,206,199,201,206,210,213,216,216,219,223,227,230,232,235,235,236,237,235,231,222,214,214,212,214,218,221,223,223,223,223,223,223,222,221,220,220,220,217,216,215,215,216,216,216,216,216,216,216,217,218,218,222,223,220,217,217,220,220,224,227
