fast-velocity-layer/mo-data.js
{"header": {"refTime":"2020-03-23T06:00:00.000Z","parameterNumber":32,"parameterCategory":2,"nx":647,"ny":720,"lo1":-13.620000839233398,"la1":60.866004383191466,"lo2":6.4060000367462635,"la2":47.92400360107422,"dx":0.031000001,"dy":0.018000001}, "data":
[rows 456 to 493 of 720, columns 425 to 509 of 647]
11.62,11.68,11.68,11.68,11.68,11.71,11.77,11.9,11.96,12.43,12.62,12.8,12.96,13.05,13.15,13.15,13.21,13.24,13.24,13.21,13.21,13.21,13.18,13.18,13.18,13.18,13.21,13.24,13.18,13.18,13.15,13.15,13.18,13.09,13.09,13.12,13.12,13.12,13.12,12.99,12.93,12.84,12.84,12.84,12.8,12.71,12.71,12.71,12.74,12.77,12.77,12.77,12.77,12.8,12.84,12.84,12.84,12.8,12.74,12.74,12.68,12.65,12.55,12.55,12.46,12.46,12.49,12.43,12.4,12.37,12.3,12.3,12.24,12.24,12.27,12.27,12.27,12.3,12.34,12.34,12.3,12.3,12.3,12.3,12.34
11.62,11.68,11.68,11.68,11.68,11.68,11.71,11.9,12.15,12.37,12.62,12.77,12.96,13.12,13.12,13.15,13.18,13.24,13.27,13.27,13.27,13.3,13.3,13.3,13.34,13.37,13.37,13.37,13.37,13.27,13.18,13.18,13.18,13.21,13.18,13.21,13.21,13.18,13.18,13.02,12.99,12.9,12.87,12.87,12.8,12.74,12.71,12.74,12.74,12.77,12.77,12.77,12.77,12.84,12.87,12.87,12.9,12.93,12.93,12.84,12.84,12.74,12.65,12.65,12.59,12.55,12.52,12.43,12.4,12.4,12.34,12.3,12.3,12.3,12.3,12.27,12.3,12.34,12.37,12.37,12.37,12.34,12.3,12.37,12.37
11.59,11.59,11.62,11.68,11.68,11.68,11.71,11.9,12.15,12.34,12.55,12.74,12.93,13.09,13.05,13.09,13.12,13.18,13.24,13.27,13.3,13.3,13.34,13.37,13.4,13.4,13.46,13.46,13.4,13.37,13.27,13.27,13.27,13.27,13.21,13.27,13.27,13.21,13.18,13.02,12.99,12.9,12.87,12.87,12.8,12.74,12.71,12.71,12.74,12.77,12.77,12.77,12.77,12.84,12.84,12.93,12.93,12.93,13.02,12.96,12.84,12.84,12.74,12.74,12.68,12.62,12.55,12.49,12.43,12.4,12.4,12.4,12.4,12.4,12.4,12.3,12.37,12.43,12.43,12.43,12.4,12.4,12.37,12.4,12.4
11.46,11.46,11.55,11.55,11.59,11.68,11.71,12.02,12.18,12.34,12.49,12.68,12.87,12.99,12.93,12.99,13.05,13.09,13.18,13.24,13.24,13.3,13.34,13.4,13.4,13.43,13.49,13.49,13.46,13.37,13.27,13.27,13.27,13.27,13.27,13.27,13.27,13.21,13.15,13.02,12.99,12.9,12.87,12.87,12.84,12.8,12.8,12.74,12.77,12.77,12.77,12.77,12.84,12.93,12.93,12.93,12.93,12.93,13.02,12.93,12.87,12.84,12.77,12.77,12.71,12.65,12.55,12.52,12.49,12.43,12.4,12.46,12.46,12.49,12.55,12.43,12.46,12.52,12.52,12.52,12.43,12.4,12.4,12.4,12.49
11.37,11.3,11.37,11.46,11.49,11.68,11.9,12.05,12.24,12.34,12.46,12.65,12.8,12.9,12.8,12.9,12.93,12.99,13.09,13.05,13.15,13.24,13.3,13.34,13.4,13.43,13.49,13.49,13.49,13.37,13.27,13.27,13.27,13.27,13.27,13.27,13.27,13.18,13.09,12.99,12.96,12.9,12.87,12.87,12.87,12.87,12.87,12.84,12.8,12.77,12.77,12.84,12.93,12.93,12.93,12.93,12.93,12.93,12.93,12.9,12.87,12.8,12.77,12.74,12.68,12.65,12.62,12.59,12.59,12.59,12.52,12.55,12.55,12.62,12.65,12.62,12.62,12.62,12.65,12.62,12.52,12.46,12.46,12.49,12.62
11.3,11.21,11.27,11.37,11.49,11.65,11.93,12.12,12.3,12.37,12.49,12.65,12.74,12.77,12.71,12.74,12.8,12.87,12.96,12.96,13.05,13.15,13.21,13.24,13.3,13.34,13.4,13.4,13.4,13.3,13.27,13.18,13.24,13.24,13.21,13.18,13.15,13.09,12.96,12.93,12.87,12.87,12.87,12.87,12.87,12.9,12.93,12.93,12.93,12.93,12.93,12.96,13.02,13.02,13.02,12.93,12.93,12.93,12.9,12.84,12.8,12.77,12.74,12.68,12.68,12.65,12.71,12.71,12.71,12.74,12.71,12.65,12.65,12.71,12.71,12.71,12.71,12.74,12.71,12.71,12.65,12.55,12.55,12.62,12.71
11.3,11.24,11.24,11.34,11.49,11.71,11.96,12.12,12.24,12.4,12.49,12.59,12.65,12.68,12.62,12.62,12.68,12.77,12.77,12.9,12.99,13.09,13.15,13.15,13.18,13.21,13.3,13.3,13.27,13.18,13.18,13.18,13.21,13.21,13.15,13.12,13.02,12.96,12.84,12.77,12.74,12.77,12.87,12.77,12.84,12.93,12.99,13.02,13.02,13.05,13.05,13.09,13.12,13.12,13.12,12.93,12.93,12.93,12.84,12.8,12.74,12.71,12.68,12.68,12.68,12.71,12.8,12.84,12.84,12.84,12.84,12.84,12.8,12.8,12.84,12.71,12.74,12.77,12.74,12.74,12.65,12.62,12.65,12.71,12.87
11.3,11.24,11.24,11.37,11.49,11.74,11.9,12.05,12.18,12.34,12.46,12.49,12.55,12.59,12.55,12.55,12.62,12.62,12.71,12.87,12.93,12.99,13.05,13.05,13.05,13.15,13.15,13.15,13.15,13.15,13.18,13.12,13.12,13.12,13.05,13.02,12.93,12.8,12.68,12.65,12.62,12.68,12.68,12.71,12.84,12.96,12.99,13.09,13.15,13.18,13.24,13.24,13.27,13.24,13.12,12.93,12.93,12.84,12.84,12.74,12.71,12.71,12.71,12.71,12.74,12.77,12.93,12.93,12.96,13.02,12.99,12.96,12.96,12.96,12.93,12.84,12.84,12.84,12.84,12.74,12.74,12.71,12.74,12.8,13.02
11.37,11.37,11.27,11.46,11.68,11.77,11.93,12.02,12.15,12.24,12.34,12.43,12.49,12.52,12.49,12.55,12.55,12.65,12.74,12.87,12.93,12.93,12.96,12.96,13.02,13.05,13.05,13.02,13.02,13.02,13.09,13.02,13.02,13.02,13.02,12.93,12.74,12.65,12.55,12.49,12.49,12.49,12.59,12.68,12.84,12.99,13.09,13.15,13.21,13.27,13.3,13.37,13.37,13.34,13.24,13.05,12.96,12.93,12.84,12.77,12.74,12.74,12.74,12.8,12.84,12.99,13.02,13.05,13.09,13.15,13.15,13.12,13.05,13.09,13.09,12.93,12.84,12.84,12.84,12.8,12.8,12.8,12.8,12.9,13.05
11.52,11.52,11.49,11.68,11.77,11.87,11.93,11.99,12.12,12.18,12.27,12.34,12.43,12.46,12.52,12.59,12.59,12.68,12.84,12.9,12.93,12.96,12.96,12.93,12.96,12.96,13.02,13.02,12.93,12.93,13.02,13.02,13.02,13.02,12.93,12.77,12.65,12.52,12.43,12.4,12.4,12.4,12.52,12.68,12.84,12.99,13.12,13.21,13.27,13.37,13.37,13.49,13.46,13.43,13.3,13.15,13.05,12.96,12.9,12.87,12.8,12.84,12.87,12.93,12.93,13.12,13.12,13.15,13.18,13.24,13.27,13.27,13.24,13.18,13.18,13.02,12.93,12.87,12.87,12.87,12.87,12.9,12.9,12.99,13.12
11.74,11.74,11.71,11.9,11.9,11.99,11.99,12.02,12.12,12.18,12.27,12.34,12.37,12.49,12.55,12.55,12.65,12.74,12.87,12.96,12.99,13.02,12.96,12.93,12.93,12.93,13.02,12.93,12.93,12.93,12.93,12.93,12.93,12.93,12.87,12.77,12.59,12.46,12.4,12.4,12.4,12.43,12.55,12.74,12.9,13.05,13.18,13.27,13.37,13.46,13.46,13.59,13.59,13.49,13.49,13.3,13.18,13.12,13.09,13.05,13.02,12.99,13.05,13.05,13.09,13.27,13.27,13.24,13.27,13.27,13.27,13.27,13.27,13.27,13.27,13.09,12.99,12.9,12.9,12.9,12.93,12.96,12.99,13.05,13.18
11.93,11.99,11.99,12.09,12.12,12.18,12.12,12.09,12.15,12.21,12.27,12.37,12.43,12.55,12.55,12.62,12.71,12.8,12.9,12.99,13.02,13.05,12.99,12.96,12.93,12.93,13.02,13.02,13.02,13.02,12.93,12.93,12.93,12.93,12.84,12.74,12.59,12.49,12.49,12.46,12.46,12.55,12.65,12.9,13.02,13.18,13.3,13.43,13.49,13.59,13.68,13.68,13.68,13.62,13.59,13.43,13.37,13.34,13.27,13.24,13.24,13.24,13.27,13.27,13.27,13.46,13.43,13.4,13.4,13.37,13.37,13.37,13.37,13.37,13.4,13.18,13.12,13.12,13.12,13.02,13.05,13.05,13.12,13.12,13.24
12.15,12.21,12.27,12.3,12.3,12.3,12.24,12.21,12.21,12.24,12.27,12.37,12.46,12.46,12.52,12.62,12.74,12.84,12.93,12.99,13.05,13.05,12.99,12.96,12.93,12.93,13.02,13.02,13.02,13.02,12.99,12.96,12.93,12.87,12.77,12.71,12.62,12.62,12.55,12.55,12.62,12.71,12.77,13.12,13.27,13.37,13.52,13.62,13.68,13.74,13.77,13.77,13.8,13.8,13.8,13.62,13.62,13.62,13.59,13.55,13.55,13.52,13.49,13.52,13.52,13.74,13.68,13.65,13.55,13.52,13.46,13.46,13.4,13.49,13.49,13.3,13.3,13.3,13.24,13.18,13.18,13.18,13.21,13.24,13.34
12.34,12.52,12.52,12.52,12.49,12.4,12.37,12.3,12.27,12.27,12.3,12.37,12.46,12.46,12.52,12.59,12.68,12.77,12.93,12.99,13.02,12.99,12.99,12.96,12.93,12.93,13.02,13.02,13.02,13.02,13.02,13.02,12.96,12.87,12.8,12.74,12.74,12.68,12.68,12.71,12.77,12.9,12.99,13.4,13.55,13.65,13.74,13.8,13.87,13.87,13.9,13.9,13.9,13.96,13.99,13.8,13.84,13.87,13.87,13.9,13.87,13.84,13.84,13.84,13.8,14.05,13.99,13.87,13.77,13.71,13.65,13.55,13.55,13.55,13.55,13.43,13.4,13.4,13.4,13.37,13.34,13.34,13.37,13.34,13.43
12.52,12.74,12.71,12.68,12.62,12.52,12.43,12.37,12.34,12.3,12.3,12.37,12.37,12.43,12.49,12.55,12.62,12.71,12.84,12.9,12.9,12.9,12.9,12.9,12.84,12.93,12.93,13.02,13.02,13.02,13.02,13.02,12.96,12.93,12.87,12.87,12.8,12.8,12.84,12.87,12.99,13.15,13.24,13.68,13.87,13.9,13.99,14.09,14.09,14.12,14.09,14.09,14.09,14.18,14.27,14.09,14.12,14.15,14.15,14.15,14.12,14.12,14.15,14.12,14.09,14.27,14.24,14.15,14.05,13.96,13.77,13.71,13.68,13.65,13.65,13.55,13.55,13.55,13.52,13.52,13.52,13.52,13.49,13.43,13.52
12.84,12.87,12.84,12.77,12.71,12.62,12.52,12.4,12.34,12.3,12.3,12.3,12.34,12.37,12.43,12.49,12.55,12.68,12.71,12.8,12.8,12.8,12.8,12.77,12.84,12.87,12.93,13.02,13.02,13.02,13.02,13.02,13.02,13.02,13.02,12.96,12.93,12.96,13.05,13.12,13.24,13.4,13.55,13.99,14.12,14.18,14.3,14.34,14.34,14.37,14.37,14.3,14.37,14.4,14.49,14.3,14.34,14.34,14.4,14.37,14.34,14.34,14.34,14.34,14.34,14.46,14.46,14.37,14.21,14.12,14.02,13.93,13.84,13.77,13.74,13.65,13.65,13.65,13.65,13.62,13.62,13.62,13.59,13.55,13.59
12.84,13.02,13.02,12.9,12.77,12.65,12.55,12.46,12.34,12.3,12.3,12.3,12.34,12.34,12.4,12.46,12.49,12.62,12.62,12.71,12.74,12.71,12.68,12.77,12.8,12.84,12.96,12.99,13.02,13.02,13.02,13.02,13.05,13.09,13.09,13.12,13.15,13.21,13.3,13.43,13.52,13.68,13.87,14.27,14.34,14.46,14.49,14.49,14.49,14.49,14.49,14.49,14.52,14.55,14.59,14.49,14.49,14.49,14.49,14.49,14.49,14.49,14.52,14.52,14.52,14.55,14.52,14.37,14.37,14.24,14.21,14.15,14.05,14.02,13.99,13.74,13.77,13.77,13.77,13.74,13.71,13.68,13.62,13.62,13.62
12.99,13.05,13.15,13.02,12.9,12.71,12.55,12.43,12.34,12.3,12.3,12.3,12.3,12.34,12.4,12.49,12.52,12.59,12.65,12.71,12.71,12.62,12.68,12.68,12.77,12.87,12.96,12.99,12.99,13.02,13.02,13.09,13.15,13.15,13.21,13.3,13.37,13.49,13.62,13.74,13.84,13.99,14.12,14.46,14.59,14.59,14.65,14.62,14.59,14.62,14.62,14.62,14.62,14.62,14.59,14.59,14.59,14.62,14.59,14.59,14.59,14.59,14.59,14.59,14.59,14.55,14.52,14.43,14.43,14.4,14.34,14.3,14.24,14.18,14.09,13.96,13.9,13.93,13.87,13.8,13.77,13.74,13.71,13.68,13.65
13.05,13.12,13.21,13.15,12.99,12.77,12.59,12.4,12.3,12.3,12.3,12.3,12.3,12.37,12.43,12.52,12.59,12.65,12.71,12.8,12.8,12.65,12.59,12.65,12.74,12.87,12.9,12.96,12.99,13.02,13.02,13.15,13.15,13.27,13.37,13.46,13.59,13.74,13.93,14.02,14.15,14.21,14.37,14.68,14.62,14.62,14.65,14.65,14.62,14.62,14.62,14.62,14.59,14.52,14.52,14.62,14.59,14.62,14.59,14.55,14.55,14.55,14.55,14.59,14.55,14.46,14.46,14.43,14.43,14.43,14.34,14.3,14.3,14.27,14.27,14.05,14.09,14.05,13.99,13.96,13.87,13.77,13.74,13.74,13.71
12.93,13.02,13.09,13.09,12.96,12.77,12.55,12.37,12.3,12.3,12.3,12.3,12.3,12.46,12.49,12.55,12.65,12.68,12.77,12.84,12.84,12.74,12.59,12.65,12.74,12.77,12.84,12.87,12.93,13.02,13.12,13.12,13.24,13.4,13.52,13.68,13.8,14.02,14.21,14.3,14.4,14.4,14.59,14.68,14.62,14.59,14.55,14.55,14.55,14.52,14.49,14.46,14.4,14.4,14.37,14.52,14.49,14.49,14.49,14.49,14.46,14.43,14.43,14.52,14.49,14.34,14.34,14.37,14.37,14.4,14.34,14.37,14.37,14.3,14.3,14.27,14.27,14.24,14.15,14.05,13.96,13.84,13.74,13.74,13.74
12.77,12.8,12.9,12.87,12.8,12.68,12.49,12.37,12.37,12.3,12.34,12.37,12.4,12.55,12.59,12.65,12.68,12.68,12.8,12.74,12.74,12.71,12.62,12.65,12.68,12.74,12.84,12.9,13.02,13.02,13.02,13.15,13.34,13.52,13.71,13.84,14.05,14.21,14.4,14.49,14.55,14.68,14.62,14.62,14.59,14.52,14.49,14.43,14.4,14.34,14.3,14.24,14.24,14.18,14.18,14.34,14.3,14.3,14.4,14.37,14.37,14.34,14.3,14.4,14.37,14.21,14.21,14.27,14.27,14.34,14.37,14.34,14.34,14.34,14.3,14.3,14.3,14.3,14.24,14.15,14.02,13.87,13.8,13.74,13.74
12.59,12.59,12.59,12.59,12.55,12.55,12.46,12.34,12.34,12.3,12.34,12.43,12.49,12.65,12.68,12.77,12.74,12.74,12.8,12.71,12.65,12.65,12.59,12.62,12.65,12.71,12.8,12.9,13.02,12.99,13.12,13.27,13.46,13.65,13.84,14.02,14.21,14.4,14.52,14.62,14.65,14.71,14.65,14.46,14.43,14.37,14.34,14.27,14.21,14.21,14.15,14.15,14.09,14.02,13.96,14.15,14.15,14.12,14.18,14.18,14.18,14.15,14.18,14.21,14.21,14.09,14.09,14.12,14.18,14.21,14.24,14.27,14.27,14.27,14.27,14.3,14.3,14.3,14.24,14.15,14.02,13.96,13.87,13.74,13.74
12.4,12.37,12.27,12.24,12.24,12.3,12.3,12.3,12.27,12.27,12.3,12.43,12.55,12.65,12.74,12.84,12.8,12.84,12.65,12.65,12.55,12.55,12.46,12.52,12.59,12.68,12.77,12.93,13.09,13.02,13.21,13.34,13.52,13.77,13.99,14.15,14.3,14.46,14.55,14.65,14.59,14.59,14.52,14.27,14.21,14.12,14.05,14.02,14.02,13.99,13.99,13.96,13.93,13.9,13.87,13.96,13.93,13.96,14.02,14.02,13.99,13.99,13.96,14.09,14.09,13.93,13.93,13.99,14.05,14.09,14.15,14.12,14.18,14.21,14.27,14.27,14.27,14.24,14.21,14.18,13.99,13.96,13.8,13.74,13.74
12.3,12.21,12.12,12.02,11.96,12.02,12.09,12.09,12.15,12.15,12.24,12.4,12.49,12.59,12.68,12.77,12.84,12.77,12.59,12.55,12.46,12.43,12.4,12.4,12.49,12.68,12.87,13.05,13.05,13.09,13.21,13.43,13.65,13.9,14.09,14.18,14.3,14.4,14.55,14.52,14.43,14.4,14.3,13.99,13.93,13.87,13.84,13.8,13.74,13.71,13.65,13.65,13.62,13.62,13.59,13.8,13.77,13.74,13.8,13.8,13.87,13.84,13.84,13.87,13.9,13.74,13.8,13.87,13.87,13.93,13.9,13.96,13.99,14.02,14.09,14.27,14.24,14.18,14.15,14.09,13.96,13.87,13.8,13.77,13.68
12.21,12.12,12.02,11.93,11.8,11.77,11.77,11.84,11.93,12.02,12.15,12.3,12.43,12.49,12.55,12.68,12.74,12.71,12.59,12.49,12.43,12.4,12.37,12.4,12.49,12.68,12.93,12.93,13.18,13.24,13.43,13.65,13.77,13.93,14.05,14.15,14.24,14.3,14.37,14.3,14.21,14.15,14.05,13.74,13.71,13.68,13.62,13.55,13.55,13.49,13.4,13.34,13.3,13.3,13.24,13.59,13.55,13.55,13.55,13.59,13.59,13.55,13.62,13.62,13.71,13.49,13.59,13.65,13.68,13.65,13.71,13.77,13.87,13.93,13.93,14.15,14.15,14.09,14.02,13.96,13.93,13.84,13.77,13.74,13.65
12.12,12.02,11.99,11.93,11.77,11.68,11.68,11.71,11.8,11.93,12.05,12.24,12.4,12.37,12.43,12.49,12.55,12.59,12.52,12.4,12.4,12.4,12.4,12.49,12.62,12.8,12.77,13.02,13.24,13.37,13.55,13.74,13.87,13.93,14.02,14.09,14.15,14.15,14.09,14.02,13.9,13.84,13.8,13.52,13.52,13.49,13.43,13.43,13.4,13.3,13.21,13.12,13.02,12.93,12.93,13.21,13.15,13.15,13.21,13.27,13.27,13.27,13.34,13.4,13.49,13.21,13.3,13.4,13.4,13.43,13.49,13.52,13.59,13.62,13.62,13.96,13.93,13.93,13.93,13.9,13.84,13.77,13.71,13.68,13.55
12.02,11.96,11.96,11.9,11.8,11.8,11.71,11.68,11.74,11.87,11.99,12.15,12.3,12.15,12.24,12.27,12.34,12.37,12.34,12.34,12.34,12.4,12.43,12.52,12.65,12.84,12.8,13.02,13.27,13.49,13.65,13.77,13.87,13.93,13.93,13.96,13.9,13.8,13.74,13.71,13.62,13.55,13.52,13.27,13.3,13.27,13.27,13.24,13.24,13.15,13.05,12.96,12.84,12.71,12.65,12.87,12.8,12.77,12.77,12.8,12.87,12.93,13.02,13.09,13.15,12.84,12.96,12.93,13.02,13.09,13.12,13.18,13.24,13.27,13.34,13.68,13.71,13.71,13.71,13.71,13.68,13.68,13.62,13.59,13.46
11.96,11.96,11.96,11.96,11.87,11.9,11.77,11.71,11.71,11.77,11.9,11.99,12.15,11.96,12.05,12.09,12.05,12.12,12.15,12.21,12.27,12.37,12.43,12.59,12.74,12.74,12.87,13.09,13.27,13.46,13.62,13.71,13.77,13.74,13.71,13.68,13.52,13.49,13.43,13.34,13.27,13.27,13.27,12.99,13.02,13.02,13.05,13.09,13.09,13.02,12.93,12.84,12.71,12.62,12.46,12.55,12.43,12.37,12.4,12.37,12.46,12.49,12.59,12.62,12.71,12.4,12.37,12.46,12.55,12.62,12.68,12.8,12.87,12.8,12.9,13.37,13.46,13.46,13.49,13.49,13.49,13.49,13.49,13.49,13.27
11.93,11.93,11.96,11.96,11.96,11.9,11.8,11.71,11.68,11.65,11.71,11.74,11.93,11.71,11.74,11.8,11.8,11.87,11.96,12.09,12.24,12.4,12.49,12.62,12.62,12.74,12.87,13.05,13.18,13.37,13.46,13.52,13.46,13.46,13.4,13.37,13.24,13.18,13.09,12.99,12.93,12.96,12.99,12.68,12.71,12.68,12.77,12.8,12.8,12.77,12.74,12.65,12.62,12.43,12.46,12.27,12.15,12.09,12.05,12.02,12.05,12.09,12.15,12.18,12.27,11.84,11.87,11.93,12.02,12.09,12.21,12.27,12.34,12.34,12.43,12.99,13.02,13.12,13.18,13.21,13.27,13.3,13.34,13.3,13.05
11.8,11.9,11.93,11.9,11.9,11.87,11.77,11.68,11.65,11.52,11.49,11.52,11.3,11.37,11.46,11.55,11.62,11.74,11.87,12.05,12.21,12.4,12.52,12.65,12.65,12.77,12.87,13.02,13.12,13.3,13.3,13.21,13.21,13.15,13.12,13.02,12.9,12.87,12.77,12.71,12.65,12.62,12.65,12.43,12.4,12.43,12.46,12.49,12.52,12.55,12.55,12.52,12.43,12.3,12.27,12.15,12.02,11.93,11.9,11.8,11.8,11.8,11.77,11.8,11.8,11.59,11.52,11.49,11.55,11.59,11.68,11.74,11.77,11.9,11.99,12.49,12.55,12.65,12.74,12.84,12.93,13.02,13.05,13.05,12.77
11.65,11.74,11.77,11.77,11.74,11.68,11.65,11.55,11.55,11.4,11.27,11.24,10.96,11.18,11.3,11.4,11.55,11.68,11.87,12.09,12.27,12.43,12.59,12.59,12.71,12.8,12.9,12.99,13.02,13.18,13.15,13.05,12.99,12.84,12.84,12.77,12.68,12.62,12.55,12.46,12.4,12.37,12.4,12.21,12.18,12.18,12.24,12.24,12.3,12.3,12.3,12.27,12.21,12.12,12.18,12.05,11.96,11.93,11.84,11.77,11.71,11.68,11.65,11.65,11.62,11.52,11.43,11.3,11.27,11.24,11.27,11.34,11.43,11.49,11.52,12.09,12.12,12.24,12.34,12.46,12.55,12.68,12.65,12.74,12.52
11.4,11.46,11.52,11.52,11.52,11.46,11.4,11.34,11.34,11.21,11.05,10.96,10.71,10.99,11.21,11.4,11.59,11.74,11.96,12.18,12.34,12.52,12.52,12.68,12.77,12.84,12.87,12.9,12.93,13.02,12.96,12.87,12.71,12.65,12.62,12.62,12.55,12.46,12.4,12.3,12.27,12.24,12.24,12.09,12.02,11.99,12.02,12.09,12.12,12.09,12.09,12.09,12.05,12.02,12.05,12.05,11.96,11.96,11.93,11.84,11.77,11.74,11.74,11.68,11.59,11.59,11.46,11.34,11.24,11.18,11.09,11.15,11.15,11.27,11.27,11.65,11.74,11.84,11.93,12.09,12.21,12.18,12.27,12.4,12.24
11.18,11.24,11.21,11.24,11.27,11.21,11.12,11.05,11.05,10.96,10.84,10.71,10.71,10.9,11.18,11.46,11.65,11.87,12.05,12.27,12.46,12.62,12.59,12.74,12.84,12.9,12.9,12.8,12.71,12.9,12.77,12.65,12.49,12.49,12.43,12.43,12.4,12.37,12.3,12.21,12.15,12.15,12.12,11.93,11.9,11.9,11.9,11.99,11.96,11.96,11.96,11.96,11.96,11.96,11.96,11.96,11.96,11.96,11.93,11.9,11.87,11.87,11.8,11.74,11.68,11.68,11.59,11.46,11.34,11.27,11.12,11.12,11.12,11.21,11.27,11.4,11.49,11.59,11.68,11.8,11.77,11.9,11.99,12.15,12.09
10.9,10.93,10.9,10.96,10.99,10.96,10.87,10.8,10.77,10.77,10.68,10.62,10.77,10.99,11.27,11.52,11.77,11.99,12.18,12.37,12.55,12.55,12.68,12.74,12.84,12.87,12.87,12.8,12.71,12.71,12.62,12.37,12.34,12.3,12.27,12.24,12.24,12.21,12.18,12.12,12.12,12.02,11.99,11.8,11.77,11.8,11.87,11.9,11.96,11.96,11.96,11.96,11.96,11.96,11.96,11.96,11.96,11.96,11.96,11.96,11.96,11.93,11.87,11.8,11.74,11.74,11.65,11.59,11.49,11.37,11.3,11.3,11.3,11.37,11.46,11.37,11.43,11.52,11.62,11.62,11.71,11.8,11.87,11.96,12.09
10.59,10.59,10.59,10.59,10.68,10.71,10.68,10.62,10.62,10.62,10.65,10.65,10.96,11.15,11.4,11.65,11.9,12.12,12.34,12.49,12.62,12.59,12.68,12.77,12.87,12.87,12.77,12.65,12.55,12.52,12.34,12.24,12.21,12.18,12.18,12.12,12.09,12.09,12.05,11.96,11.96,11.87,11.68,11.68,11.68,11.71,11.77,11.77,11.87,11.96,11.96,11.96,11.96,11.96,11.96,11.96,11.96,11.96,11.96,11.96,11.96,11.93,11.9,11.9,11.84,11.84,11.8,11.74,11.65,11.55,11.52,11.55,11.55,11.65,11.71,11.49,11.55,11.65,11.65,11.74,11.84,11.9,11.96,11.99,12.21
10.27,10.27,10.27,10.3,10.4,10.49,10.52,10.52,10.52,10.55,10.68,10.8,11.15,11.37,11.59,11.8,12.02,12.24,12.46,12.59,12.59,12.68,12.71,12.74,12.77,12.77,12.65,12.55,12.46,12.24,12.15,12.15,12.09,11.99,11.96,11.93,11.87,11.84,11.8,11.77,11.74,11.68,11.49,11.55,11.62,11.62,11.68,11.74,11.87,11.93,11.96,11.96,11.96,11.96,11.96,11.96,11.96,11.96,11.96,11.96,11.99,11.99,11.96,11.93,11.9,12.02,11.99,11.9,11.84,11.8,11.84,11.84,11.87,11.87,11.99,11.77,11.84,11.87,11.9,11.96,12.05,12.09,12.15,12.18,12.43
9.96,9.96,9.96,10.02,10.18,10.34,10.43,10.46,10.49,10.62,10.87,11.02,11.37,11.59,11.77,11.96,12.12,12.3,12.46,12.43,12.59,12.68,12.71,12.71,12.65,12.59,12.49,12.46,12.27,12.15,12.05,12.02,11.96,11.84,11.77,11.71,11.62,11.59,11.55,11.52,11.49,11.49,11.34,11.4,11.49,11.52,11.62,11.8,11.8,11.87,11.9,11.9,11.9,11.9,11.96,11.96,11.96,11.96,11.96,11.99,12.05,12.09,12.09,12.02,12.05,12.27,12.15,12.12,12.09,12.09,12.05,12.05,12.12,12.15,12.21,11.99,12.09,12.15,12.21,12.27,12.34,12.37,12.37,12.4,12.62
9.68,9.68,9.77,9.9,10.09,10.27,10.37,10.49,10.62,10.93,11.12,11.21,11.55,11.74,11.93,12.09,12.18,12.27,12.4,12.37,12.49,12.55,12.59,12.55,12.49,12.4,12.27,12.15,11.99,12.05,11.96,11.9,11.8,11.71,11.59,11.49,11.4,11.4,11.37,11.34,11.3,11.3,11.21,11.3,11.4,11.49,11.59,11.74,11.8,11.84,11.9,11.9,11.9,11.9,11.93,11.96,11.96,11.96,11.96,11.99,12.12,12.18,12.21,12.24,12.24,12.37,12.34,12.34,12.34,12.3,12.3,12.3,12.4,12.43,12.46,12.21,12.3,12.43,12.52,12.55,12.59,12.59,12.62,12.62,12.77
