fast-velocity-layer/mo-data.js
{"header": {"refTime":"2020-03-23T06:00:00.000Z","parameterNumber":31,"parameterCategory":2,"nx":647,"ny":720,"lo1":-13.620000839233398,"la1":60.866004383191466,"lo2":6.4060000367462635,"la2":47.92400360107422,"dx":0.031000001,"dy":0.018000001}, "data":
[rows 270 to 314 of 720, columns 384 to 479 of 647]
158,174,181,168,166,170,173,175,181,183,179,176,171,119,108,147,151,154,158,163,165,166,165,164,162,159,158,157,154,152,157,162,160,158,158,160,160,161,162,162,160,161,163,165,164,163,161,159,157,157,159,160,157,154,152,152,153,154,155,154,154,155,156,157,159,158,158,158,157,157,155,153,155,157,158,158,159,160,161,161,160,158,155,155,156,155,153,155,156,156,156,158,160,160,158,158
166,177,189,189,179,179,180,180,179,177,173,167,154,128,135,153,157,160,165,166,167,168,167,167,166,162,157,156,157,156,159,162,163,161,160,160,159,162,162,160,160,162,163,163,164,163,162,160,158,158,159,160,159,155,153,152,153,155,156,155,155,155,158,158,159,160,158,158,157,158,155,153,155,157,158,159,159,160,161,161,159,158,157,157,157,154,151,153,158,158,157,157,159,159,157,156
173,175,182,193,199,191,187,182,178,172,168,164,158,148,150,156,162,167,168,167,168,168,168,168,169,165,157,154,156,161,161,161,163,163,162,160,159,160,161,161,163,162,162,164,164,164,163,161,159,158,158,161,160,157,153,152,153,155,157,156,156,157,159,159,160,160,159,158,158,158,157,155,155,156,160,162,161,160,160,160,160,159,158,156,153,151,151,152,155,160,157,156,156,156,155,155
153,159,174,185,216,224,211,245,194,180,167,174,163,150,153,159,166,170,171,169,167,166,169,169,168,167,159,155,157,164,164,162,161,161,162,162,159,156,159,164,164,162,163,165,164,164,163,162,159,158,158,159,161,158,154,153,153,154,157,158,158,159,161,160,160,160,159,158,158,158,159,157,156,158,160,161,160,160,159,159,161,160,157,154,153,154,154,154,159,160,156,154,154,156,156,157
74,66,77,107,98,121,139,72,96,106,156,189,4,116,154,165,168,169,171,172,169,166,168,168,167,166,166,161,159,162,165,165,161,159,159,159,156,155,159,163,165,166,166,165,163,164,164,163,161,158,158,160,161,159,155,153,153,153,158,160,161,161,162,161,160,161,160,160,158,157,158,158,157,158,159,160,159,160,161,161,162,160,157,156,157,158,157,156,160,159,159,154,154,156,158,159
66,64,80,89,50,81,94,91,105,114,113,48,61,103,152,165,171,170,170,175,177,174,163,166,170,170,171,168,163,161,163,165,163,158,157,155,154,157,161,163,166,169,167,165,162,161,163,163,161,158,157,158,161,160,157,154,153,154,157,161,163,163,162,162,161,161,161,160,159,158,159,160,159,158,158,159,160,162,162,163,161,159,158,159,160,161,161,160,158,157,157,157,154,156,158,160
75,68,87,77,49,96,112,113,119,101,78,69,83,118,160,167,173,181,183,180,180,179,170,163,168,172,175,174,168,162,161,162,159,155,154,155,155,158,162,165,167,169,167,164,162,161,161,162,162,159,157,158,160,161,159,155,154,155,157,160,163,163,163,162,162,161,161,160,160,160,160,160,160,158,158,159,162,163,163,163,162,160,160,163,165,164,163,161,156,157,157,158,158,158,160,162
90,84,101,99,83,120,137,131,125,101,97,97,116,143,166,166,172,183,191,189,185,181,175,164,168,171,174,174,172,165,160,158,156,154,155,159,158,156,158,165,167,167,166,165,162,161,160,161,162,160,157,157,159,161,160,157,155,155,156,160,163,164,164,163,163,162,162,161,161,160,160,160,160,159,160,162,163,163,165,165,163,162,163,164,166,165,163,160,159,159,160,162,162,161,163,165
101,99,118,133,142,154,133,117,119,120,129,137,149,162,161,160,168,174,183,184,190,198,189,172,171,171,172,172,169,167,161,158,158,157,156,158,157,155,159,166,168,166,164,162,161,161,161,161,161,160,158,157,158,161,161,158,156,155,157,161,163,164,164,164,163,163,163,162,162,162,161,161,162,161,162,162,162,165,166,166,166,166,164,163,165,164,162,161,161,160,162,164,166,165,165,167
120,120,136,160,172,158,66,124,142,145,154,160,166,165,159,159,167,175,178,177,187,198,203,192,173,170,172,170,168,167,164,160,160,158,156,155,157,158,160,162,164,163,160,160,163,162,161,161,160,160,158,157,157,159,161,160,158,156,157,162,163,165,165,165,164,164,163,163,163,163,163,164,163,163,163,163,163,165,166,166,167,167,165,163,163,165,164,163,161,162,164,165,165,163,162,162
132,133,151,169,174,156,146,165,165,159,161,157,155,161,167,166,173,178,180,180,184,188,195,199,173,170,174,172,169,167,164,161,158,158,155,155,159,161,157,157,158,157,158,160,164,163,162,161,160,160,158,157,157,158,160,161,159,158,159,162,164,165,166,166,165,165,164,164,164,164,164,164,164,164,164,164,163,164,165,166,167,165,164,163,162,163,164,163,163,162,162,162,164,163,163,162
135,145,160,171,179,189,192,201,185,173,161,147,158,167,164,168,175,176,180,184,185,185,188,185,183,174,173,175,169,165,163,160,159,159,157,157,157,154,152,152,153,156,158,161,161,162,163,162,160,160,159,157,156,158,160,162,161,159,160,162,164,166,166,166,166,166,165,165,165,165,166,165,165,164,163,163,162,162,163,166,167,166,166,164,163,163,163,164,164,163,162,162,163,164,163,162
141,147,160,176,191,195,212,198,190,184,158,157,170,174,165,170,176,183,184,186,188,190,180,168,177,183,173,172,167,165,163,163,162,161,161,157,151,148,151,155,156,157,161,162,161,162,162,162,159,158,158,157,156,157,159,162,162,160,160,162,165,166,167,167,168,167,166,166,166,166,166,166,166,165,164,163,161,162,163,165,165,164,164,164,162,161,162,164,164,164,162,162,163,163,163,162
139,151,168,184,192,189,95,199,199,176,163,171,175,167,165,172,180,191,197,192,190,185,162,161,178,195,183,169,163,163,163,165,165,163,163,157,150,150,153,156,158,158,160,161,162,161,160,159,158,159,159,157,156,156,158,160,162,163,162,162,165,166,167,168,168,168,167,167,167,167,167,167,166,166,165,163,162,162,163,164,164,164,164,165,163,161,162,164,165,164,163,162,162,163,163,162
150,165,180,189,177,144,179,211,207,175,172,175,171,171,169,173,182,188,195,202,194,174,162,175,183,186,189,172,162,160,161,164,166,163,161,161,155,151,152,155,157,159,159,160,162,161,159,159,159,157,158,158,158,157,157,160,162,164,163,163,164,166,167,169,169,169,168,168,168,168,168,167,166,166,164,163,163,163,163,163,164,164,165,165,164,163,163,164,165,164,163,161,162,162,162,163
171,170,174,190,198,174,192,205,199,184,180,173,172,178,175,175,178,182,190,198,194,183,183,184,182,175,171,170,168,164,160,161,164,165,165,165,160,153,150,152,156,158,159,160,161,161,159,159,158,157,156,158,158,157,156,159,162,164,164,163,164,166,167,169,170,170,170,169,169,169,168,168,167,166,164,163,163,163,163,164,164,164,166,166,165,163,163,164,165,164,163,161,161,162,163,163
134,141,168,197,218,208,200,191,183,199,187,169,174,178,180,177,175,182,191,193,192,192,193,185,170,161,162,167,173,167,162,160,162,164,165,165,165,156,148,150,155,159,161,161,162,159,159,158,157,154,154,156,158,156,157,159,162,164,164,164,164,165,167,170,171,171,171,170,170,169,169,168,167,166,165,164,163,163,163,164,164,165,166,166,165,164,164,164,164,164,163,162,161,162,163,164
124,153,182,200,210,212,194,155,184,205,191,172,173,174,181,184,182,184,190,189,188,191,185,164,147,158,169,170,172,169,164,160,158,161,162,162,162,158,149,149,154,159,161,162,160,160,159,158,155,153,152,153,157,157,156,158,162,165,166,165,164,164,166,169,172,173,173,172,171,170,169,168,167,166,165,164,164,164,164,164,165,165,166,166,165,164,163,164,164,163,163,162,162,163,164,164
166,181,191,197,203,197,131,156,197,202,189,176,172,177,186,190,188,186,185,185,187,184,171,157,161,171,176,170,166,163,164,160,157,159,159,158,157,157,151,151,153,157,160,161,160,159,158,156,154,152,151,152,154,154,155,158,162,165,166,166,164,164,166,169,171,174,174,173,171,170,169,168,167,167,166,165,164,164,164,164,164,165,166,166,165,164,164,164,163,163,163,163,163,163,164,165
185,188,192,195,194,153,145,183,199,191,179,176,171,184,189,191,190,189,185,183,183,178,170,166,170,172,172,169,165,161,161,160,159,158,158,156,154,155,155,154,154,156,159,160,160,159,156,154,152,151,149,150,150,149,150,158,162,166,169,168,165,165,165,168,171,174,176,175,172,171,169,168,167,167,166,165,165,165,165,165,165,165,166,165,165,164,163,163,163,163,163,163,163,164,165,165
193,191,186,181,137,130,171,200,199,181,181,179,177,188,189,190,191,191,186,181,178,173,170,169,166,165,166,170,166,162,162,163,161,158,156,156,157,158,156,154,153,155,158,159,158,157,154,153,152,150,149,150,148,148,148,158,162,168,172,173,168,167,167,169,171,174,176,176,173,171,169,168,168,167,166,166,165,165,165,165,165,165,165,165,164,164,163,163,163,163,163,164,164,164,165,165
202,190,166,113,125,143,193,206,198,185,192,184,183,190,186,188,193,191,182,178,175,172,170,168,164,164,169,171,164,161,162,162,160,158,156,155,159,160,155,153,156,157,157,157,156,153,152,153,153,151,150,149,149,149,151,155,168,172,175,174,169,169,170,170,171,173,176,176,174,172,170,168,168,167,166,166,165,166,166,165,165,165,165,165,164,164,163,163,163,163,164,164,165,165,165,165
199,164,140,134,141,167,198,205,198,196,193,186,189,189,184,188,190,183,175,176,174,173,171,168,166,166,167,165,164,160,162,162,160,159,156,157,160,161,156,155,157,157,154,154,154,153,153,153,152,152,150,150,150,152,153,159,167,173,172,171,169,173,172,170,170,173,175,177,174,172,170,169,168,167,167,166,166,166,165,165,165,165,165,165,164,164,163,163,163,163,164,165,165,165,165,166
200,167,155,152,157,179,202,204,200,195,185,185,193,185,181,190,185,170,173,180,178,174,173,172,171,166,161,158,163,161,163,163,162,160,157,156,160,161,158,156,155,154,153,153,153,152,153,153,151,151,149,150,153,153,157,164,170,171,167,168,172,177,173,169,170,173,175,176,174,172,171,169,168,167,167,166,166,166,165,165,165,165,165,165,164,164,163,163,163,164,164,165,165,165,166,166
205,120,166,172,171,187,205,208,202,184,175,188,188,176,180,187,178,171,176,176,175,174,173,170,169,164,159,159,161,161,162,162,163,161,158,156,155,154,154,154,153,153,152,152,152,153,152,153,152,151,151,153,154,155,161,167,168,164,166,173,178,176,169,168,170,172,175,176,174,173,171,170,169,167,167,166,166,166,165,165,165,165,165,165,164,164,164,163,164,164,164,165,165,165,166,166
183,136,198,201,200,203,213,209,175,144,177,191,172,173,182,183,172,173,173,169,171,175,173,169,168,166,160,158,158,160,160,160,161,159,157,155,151,149,150,154,155,154,153,153,154,153,153,152,152,152,153,153,154,159,165,166,164,165,169,176,179,171,169,169,170,172,175,175,174,173,172,170,169,167,167,167,167,166,165,165,165,165,165,165,164,164,164,164,164,164,164,165,165,165,166,166
147,189,201,228,235,221,219,194,139,159,183,186,172,178,182,180,176,180,173,170,173,174,171,167,167,165,159,155,153,156,159,159,158,156,155,153,151,151,153,158,159,157,155,154,154,153,153,153,153,153,154,154,156,163,165,163,166,174,176,176,175,168,170,170,170,172,175,175,174,173,172,170,169,168,167,167,167,166,165,165,165,165,165,164,164,164,164,164,164,164,165,165,165,165,165,166
170,188,176,172,212,228,221,168,150,156,165,171,185,182,182,183,182,181,178,176,173,167,165,166,165,161,156,153,153,157,159,156,156,155,155,156,156,155,154,157,158,157,155,154,154,153,154,153,153,153,154,158,162,164,161,165,174,178,179,178,174,170,171,169,170,172,175,175,174,173,172,170,169,168,167,167,167,166,165,165,165,165,165,164,164,164,164,164,165,165,165,165,165,165,166,166
195,192,180,183,208,223,210,163,157,151,162,179,184,184,184,183,182,177,172,167,165,164,164,163,162,160,157,153,156,160,159,157,155,154,155,158,159,154,154,157,157,156,156,154,154,153,153,153,153,154,156,161,163,161,163,171,175,177,178,177,171,171,170,169,170,173,175,175,174,173,172,171,169,168,167,167,167,166,166,165,165,165,165,165,164,164,164,165,165,165,165,165,165,165,166,166
194,187,177,178,218,224,201,164,166,164,174,182,181,183,185,182,175,166,163,165,166,166,167,161,161,160,158,156,158,161,158,156,156,156,156,159,158,154,154,156,157,156,156,155,155,154,153,153,153,155,159,161,162,166,172,174,174,176,177,175,170,172,170,170,171,172,175,175,174,173,173,171,169,168,167,167,167,166,166,165,166,165,165,165,164,165,165,165,166,165,166,165,165,165,165,166
261,195,105,160,226,230,210,172,170,174,181,182,176,176,179,178,168,163,169,170,167,164,162,162,161,160,160,158,158,158,158,156,155,156,156,157,157,156,156,157,157,157,156,156,155,155,153,153,153,157,162,163,167,174,177,173,172,176,174,171,172,172,171,171,172,173,175,174,174,174,173,171,170,169,168,167,167,166,165,166,166,166,165,165,165,165,165,166,166,166,166,166,165,165,165,166
276,122,124,194,220,224,211,187,175,174,183,177,167,168,174,176,169,170,175,173,164,158,159,161,160,159,160,158,155,155,159,158,157,156,157,157,158,157,158,158,157,158,157,157,156,155,155,154,155,160,165,168,173,177,175,172,173,172,170,171,172,170,172,173,172,173,174,174,174,174,173,171,170,169,168,167,167,166,166,166,166,166,166,165,165,165,166,166,166,166,166,166,166,166,165,165
117,130,177,207,218,217,201,194,183,178,182,160,160,167,174,174,172,174,174,166,159,160,161,160,159,159,159,156,155,160,161,159,158,157,157,158,157,158,160,160,161,160,158,157,157,156,157,156,157,162,168,173,174,172,172,176,174,168,168,171,171,171,172,173,173,172,174,174,174,174,173,172,170,169,168,167,167,166,166,166,166,166,166,165,166,166,166,166,166,166,165,166,166,166,166,165
160,155,200,211,218,220,188,188,195,188,178,151,161,169,173,173,174,175,171,164,161,161,162,160,159,160,160,159,160,162,162,160,159,159,159,158,158,160,162,162,162,161,159,157,157,157,156,158,161,165,170,173,172,170,175,180,175,170,170,169,169,170,172,173,173,172,173,174,174,174,173,172,171,169,168,168,167,166,166,166,166,166,166,166,166,166,166,166,166,166,166,166,166,166,166,165
166,172,215,216,216,211,155,180,183,183,143,159,166,170,171,175,174,172,171,168,163,160,160,162,162,162,163,163,162,161,161,162,160,159,160,158,159,161,163,163,162,161,158,156,155,153,154,162,168,170,170,171,172,174,177,176,173,173,171,167,167,168,172,174,173,172,174,174,174,174,173,172,171,170,169,168,167,166,166,166,166,166,166,166,166,166,166,166,166,166,166,166,166,166,166,166
166,182,215,227,222,207,169,170,174,171,146,169,173,172,174,176,173,170,171,167,163,160,161,164,164,163,163,161,158,157,161,162,160,159,159,161,159,160,161,162,163,162,160,157,154,152,159,170,176,173,170,169,174,177,175,171,171,173,170,167,167,169,171,173,173,173,174,174,173,174,173,172,171,170,169,168,167,167,166,166,166,166,166,166,166,166,166,166,166,166,166,166,166,166,166,166
180,190,216,226,219,214,189,172,182,173,158,172,178,179,178,174,170,169,168,166,163,162,161,162,162,160,157,155,155,157,160,160,158,158,159,161,158,157,161,164,163,162,161,160,156,155,166,177,178,174,171,170,175,176,168,167,170,171,170,169,168,169,170,172,172,173,174,174,173,174,173,172,171,170,169,169,168,167,167,167,166,166,166,166,166,166,166,166,166,166,166,167,167,166,166,166
191,201,218,216,208,202,179,180,183,164,163,171,176,182,181,173,168,167,164,161,160,160,159,158,155,154,152,153,155,157,158,158,158,160,161,162,159,158,163,165,165,164,164,164,161,163,171,178,176,175,173,173,175,170,165,167,167,167,171,171,169,170,170,171,172,173,174,174,174,174,174,174,172,170,170,169,168,167,167,167,167,166,166,166,166,166,166,166,166,167,167,167,167,166,166,166
196,205,216,212,204,193,177,185,172,163,169,173,176,177,174,168,164,160,156,154,156,157,157,154,153,153,153,154,155,156,159,160,161,162,162,160,157,155,164,166,167,168,169,169,168,168,172,174,175,175,177,175,171,164,164,165,166,168,171,172,171,171,171,171,172,173,174,174,174,174,174,174,173,171,171,169,168,168,167,167,167,167,167,167,166,166,166,166,167,167,168,167,167,166,166,166
201,208,214,213,200,185,186,180,164,171,169,169,169,165,158,152,154,153,152,155,156,156,154,153,151,152,154,155,156,158,160,162,162,162,160,158,158,158,161,169,169,170,172,173,173,171,171,173,175,176,178,176,166,161,163,164,166,169,170,172,172,172,172,171,171,172,173,174,174,174,174,174,173,172,171,169,169,168,168,167,167,167,167,167,167,166,166,166,167,168,168,167,167,166,166,166
209,214,218,208,183,186,186,162,165,173,140,151,153,154,150,155,160,160,158,158,159,157,154,153,153,154,155,158,160,160,161,161,161,160,160,159,161,160,161,170,171,172,172,173,176,173,172,173,174,175,176,172,164,161,162,164,167,169,169,171,172,173,173,171,171,172,173,173,173,174,174,174,173,172,171,169,169,168,168,168,167,167,167,167,167,167,166,166,167,168,168,167,167,167,166,166
214,221,227,226,177,176,145,133,162,154,136,146,153,160,163,168,168,161,160,160,159,156,156,156,156,156,157,159,161,161,159,158,159,159,159,161,163,161,162,166,172,171,170,173,179,181,176,172,172,173,171,168,166,164,164,165,167,168,169,170,171,173,173,172,171,172,172,173,173,174,174,174,173,172,172,171,170,169,168,168,167,167,167,167,167,167,167,167,168,168,168,168,167,167,166,166
207,214,223,221,177,146,128,142,147,131,145,151,161,169,171,170,163,156,157,159,158,157,157,157,157,158,158,159,161,160,158,159,160,160,159,161,164,162,164,168,170,171,172,176,183,187,180,171,168,168,167,166,167,165,166,166,168,167,168,169,170,173,173,173,172,172,172,172,173,174,174,174,173,172,172,171,170,169,169,168,168,167,167,167,167,167,167,167,168,168,168,168,167,167,167,167
209,212,218,206,127,138,141,143,142,139,148,157,167,174,168,157,146,149,156,157,157,157,157,157,158,158,158,160,160,159,159,160,160,159,159,162,164,165,168,169,169,170,177,182,184,182,176,171,167,165,166,166,164,166,169,168,167,167,168,169,170,172,173,174,173,172,172,172,172,173,174,173,173,172,172,171,170,169,169,169,168,168,168,168,167,167,167,167,168,168,168,168,168,167,167,167
178,218,203,126,138,145,140,136,139,142,153,163,168,162,148,135,141,150,156,157,156,156,156,157,158,158,158,159,160,159,160,160,160,160,161,162,166,169,169,168,167,167,181,185,182,176,173,173,168,166,166,165,165,167,170,169,168,167,168,169,170,172,173,174,173,173,172,171,172,173,173,173,173,172,172,171,170,170,169,169,169,168,168,168,168,168,168,168,168,168,168,168,168,168,167,167
