fast-velocity-layer/mo-data.js
{"header": {"refTime":"2020-03-23T06:00:00.000Z","parameterNumber":32,"parameterCategory":2,"nx":647,"ny":720,"lo1":-13.620000839233398,"la1":60.866004383191466,"lo2":6.4060000367462635,"la2":47.92400360107422,"dx":0.031000001,"dy":0.018000001}, "data":
[rows 228 to 265 of 720, columns 255 to 339 of 647]
8.96,8.93,8.84,8.8,8.9,9.09,9.21,9.21,9.27,9.21,8.96,8.71,8.59,8.3,8.02,7.49,7.43,7.52,7.74,7.84,7.65,7.49,7.4,6.84,5.99,6.9,7.93,7.59,6.46,4.99,3.96,3.43,3.71,4.43,4.74,5.55,4.15,3.05,4.74,4.77,4.49,3.74,2.84,2.4,2.34,2.3,2.52,2.74,4.99,5.37,3.21,1.65,0.84,0.8,0.18,0.15,0.15,1.37,2.93,1.99,1.65,1.8,1.93,2.77,3.18,3.65,2.59,3.18,2.71,1.49,1.43,1.34,0.4,0.74,1.4,2.52,2.8,2.96,1.12,0.4,0.99,2.43,3.3,3.34,3.15
9.02,8.99,8.9,8.84,8.93,9.09,9.12,9.21,9.21,9.18,8.96,8.8,8.62,8.34,7.77,7.55,7.49,7.62,7.84,7.8,7.24,7.05,7.05,7.37,5.8,5.34,6.77,6.65,5.71,5.15,5.02,4.77,5.15,6.12,6.09,4.96,3.96,2.49,2.46,2.27,2.71,3.59,3.27,2.49,2.49,2.09,2.15,1.71,2.49,6.84,5.99,3.12,0.65,0.59,0.62,0.34,0.05,0.49,2.18,2.52,1.27,1.21,2.34,2.62,3.37,2.43,1.84,2.96,3.52,2.93,2.84,1.52,0.93,1.05,1.84,2.77,2.34,2.21,0.96,0.27,0.21,1.18,2.74,3.12,2.71
9.02,8.96,8.93,8.8,8.84,8.84,9.05,9.15,9.21,9.12,8.93,8.84,8.62,8.09,7.87,7.65,7.62,7.8,7.96,7.71,7.3,7.15,7.12,6.34,5.12,4.96,5.96,6.93,7.21,7.55,7.02,6.15,5.27,4.4,4.3,3.05,3.49,2.84,2.8,2.9,3.52,4.37,4.99,3.77,3.09,2.4,2.65,1.9,1.05,4.43,5.43,4.87,2.9,1.02,0.9,0.37,0.12,0.62,2.02,2.9,1.15,0.05,1.71,2.18,2.84,2.77,1.27,2.46,2.24,3.18,3.15,2.49,1.46,1.05,2.09,1.74,1.21,1.15,1.34,1.09,0.71,0.4,1.02,2.43,2.96
8.96,8.93,8.93,8.8,8.77,8.8,8.96,9.09,9.18,9.05,8.93,8.8,8.49,8.09,7.9,7.77,7.84,7.99,8.05,7.65,7.4,7.4,7.34,6.52,5.77,5.37,5.99,7.49,8.27,9.34,8.02,6.62,5.24,2.96,2.74,3.59,4.15,4.12,3.65,4.12,4.18,4.59,6.3,5.52,3.49,2.4,2.99,2.84,1.37,1.34,2.27,4.84,5.46,5.46,3.65,1.55,0.21,0.74,2.12,3.8,2.3,0.05,1.02,1.02,0.52,1.27,0.05,1.18,3.05,3.12,2.77,3.68,2.96,2.52,2.84,1.74,0.74,1.27,1.99,2.4,1.87,0.87,0.24,1.05,2.09
8.93,8.87,8.9,8.8,8.8,8.74,8.87,9.09,9.12,8.99,8.87,8.71,8.27,8.12,7.96,7.9,7.99,8.12,8.02,7.65,7.62,7.55,7.68,7.09,6.68,6.18,6.37,8.05,9.43,8.9,8.18,7.24,4.68,2.87,3.37,5.49,5.43,4.9,5.43,5.65,5.05,4.4,5.3,5.52,4.12,2.55,3.3,2.99,1.96,0.52,1.21,2.93,4.12,4.3,5.3,3.71,1.12,1.52,1.65,2.49,3.18,0.05,1.84,2.3,0.71,0.09,0.12,0.37,0.99,1.09,2.46,3.12,3.27,3.21,3.09,3.21,1.96,2.49,2.27,1.71,1.34,1.52,0.77,0.27,0.71
8.9,8.87,8.87,8.87,8.77,8.71,8.84,9.02,8.99,8.9,8.84,8.43,8.34,8.27,8.15,8.12,8.15,8.21,8.02,8.02,7.62,7.71,7.87,7.49,7.09,6.62,6.84,8.24,9.65,8.55,7.87,7.18,5.37,5.05,5.3,8.05,7.93,7.05,6.52,7.71,7.27,5.59,5.09,5.77,3.65,3.21,3.96,3.24,2.3,0.55,1.15,0.99,0.99,1.59,3.96,5.21,3.46,2.52,2.43,2.21,0.62,0.15,2.24,3.43,3.09,0.96,0.09,0.05,0.09,0.15,1.15,2.3,2.68,2.27,2.15,2.09,1.74,2.09,3.12,2.46,1.34,1.8,1.55,0.37,0.12
8.9,8.9,8.87,8.87,8.77,8.71,8.74,8.9,8.93,8.9,8.65,8.43,8.49,8.43,8.3,8.27,8.34,8.3,8.12,8.09,7.71,7.77,7.84,7.46,6.87,6.49,6.99,8.84,8.99,8.12,7.65,7.8,7.59,7.65,7.93,9.18,9.18,8.27,7.12,8.05,8.12,7.43,6.43,6.52,5.24,4.46,4.96,4.3,2.62,0.96,2.15,1.24,1.18,0.71,2.18,3.93,4.9,3.96,3.02,2.55,1.65,0.8,0.84,3.37,2.93,0.46,1.46,0.12,0.05,0.09,0.43,0.93,1.24,1.27,0.8,0.8,2.05,1.21,2.09,3.3,2.71,2.49,1.8,1.12,0.3
8.9,8.9,8.9,8.9,8.84,8.71,8.74,8.77,8.8,8.93,8.71,8.55,8.65,8.55,8.49,8.46,8.59,8.46,8.43,8.15,7.8,7.84,7.74,7.27,6.59,6.34,7.71,8.12,7.99,7.55,7.34,7.68,8.18,8.68,9.21,8.27,7.37,6.34,6.02,6.71,7.96,8.05,7.49,6.96,6.65,5.87,5.49,5.05,3.34,1.59,3.24,3.3,2.4,1.99,2.09,2.52,4.4,5.34,3.8,3.05,2.15,2.3,1.21,1.52,2.3,1.02,1.05,0.09,0.05,0.05,0.12,0.4,0.55,0.71,0.46,0.71,3.3,2.02,2.12,3.99,3.43,2.49,2.15,1.68,0.27
8.93,8.9,8.9,8.93,8.84,8.77,8.77,8.8,8.8,8.96,8.8,8.68,8.84,8.71,8.65,8.62,8.74,8.74,8.59,8.15,7.9,7.9,7.74,7.15,6.59,6.43,7.4,7.49,7.18,7.09,7.65,8.55,8.9,8.68,8.65,7.99,6.71,5.87,5.74,5.93,6.55,7.8,7.3,7.12,7.02,6.46,5.24,5.05,4.46,2.43,3.12,3.18,3.4,3.09,2.4,1.99,3.02,5.27,5.34,2.3,1.87,1.87,1.37,2.37,0.96,0.59,0.05,0.05,0.05,0.05,0.05,0.09,0.12,0.24,0.55,1.71,1.55,1.24,3.18,4.09,3.24,2.8,2.24,1.02,0.99
8.96,8.9,8.9,8.9,8.84,8.84,8.84,8.84,9.02,9.05,8.96,8.9,8.93,8.8,8.74,8.74,8.74,8.87,8.65,8.21,8.02,7.99,7.84,7.21,6.77,6.93,7.24,7.18,6.87,6.93,7.74,8.87,9.37,9.4,8.99,7.77,6.8,6.37,6.3,6.34,6.68,7.68,7.68,7.46,6.9,6.34,5.09,4.37,4.59,2.65,2.55,1.9,2.77,3.05,2.96,1.9,1.52,3.4,4.68,3.24,2.34,1.99,1.46,2.87,1.9,0.24,0.24,0.18,0.71,0.9,0.49,0.05,0.05,0.21,0.74,1.65,1.46,0.8,2.77,4.65,3.8,3.52,1.09,0.96,0.96
8.99,8.93,8.93,8.93,8.9,8.9,8.9,8.99,9.09,9.12,9.09,9.02,8.99,8.84,8.8,8.9,8.87,8.96,8.74,8.34,8.21,8.21,7.99,7.37,6.84,7.02,7.15,6.99,6.77,6.84,7.59,8.62,9.12,9.12,8.74,7.68,7.34,7.3,7.15,6.84,6.8,6.99,7.34,7.52,6.93,6.59,6.05,4.21,3.99,3.09,2.96,2.02,1.93,1.49,2.09,1.65,0.49,2.09,6.4,4.8,3.3,2.37,1.59,2.68,2.43,2.3,4.21,4.15,4.18,3.27,1.24,0.24,0.05,0.09,0.46,2.05,2.65,1.93,2.02,3.27,2.77,2.4,0.27,0.68,0.71
9.05,9.02,8.96,8.96,8.96,8.96,9.02,9.12,9.18,9.18,9.09,9.05,8.99,8.84,8.8,8.8,8.93,9.02,8.84,8.4,8.4,8.43,8.12,7.52,6.84,7.09,7.15,6.84,6.59,6.71,7.46,8.27,8.34,8.68,8.34,7.71,7.74,7.77,7.49,6.93,6.49,6.34,6.71,6.74,6.09,6.8,6.8,5.99,5.09,4.02,4.52,4.43,2.96,1.46,0.96,1.15,0.77,1.37,5.52,5.59,3.93,2.9,1.84,3.15,3.87,4.46,4.49,3.52,3.05,4.09,2.74,2.74,1.96,0.4,0.12,1.62,2.59,2.84,2.71,3.24,2.34,0.8,0.46,0.46,0.21
9.12,9.09,8.99,9.02,8.99,8.99,9.09,9.21,9.3,9.21,9.09,9.05,8.87,8.77,8.77,8.84,9.02,9.12,8.87,8.52,8.55,8.59,8.24,6.99,6.87,7.18,7.18,6.77,6.43,6.65,7.4,7.43,8.09,8.34,8.02,7.8,7.9,7.9,7.49,6.77,5.46,5.52,5.9,5.87,5.46,6.05,6.46,7.52,7.37,4.99,5.71,5.99,5.21,3.74,1.93,1.55,1.43,2.4,4.43,6.37,5.87,4.18,2.46,3.34,4.9,5.02,4.99,1.18,0.43,2.46,3.87,1.96,1.27,1.93,1.34,0.96,1.21,1.77,2.8,3.84,3.65,1.12,0.96,0.96,0.05
9.24,9.18,9.02,9.02,9.02,9.02,9.12,9.3,9.34,9.21,9.09,8.96,8.77,8.77,8.68,8.84,9.09,9.12,8.9,8.62,8.68,8.68,7.71,7.09,7.05,7.4,7.27,6.8,6.46,6.8,7.49,7.52,7.99,8.09,7.9,7.87,7.84,7.68,7.27,6.65,5.12,4.84,4.84,4.84,5.18,5.59,5.96,6.8,6.9,7.27,6.87,6.27,6.09,5.55,3.74,2.21,1.8,2.4,3.49,5.34,6.68,5.71,3.55,3.71,4.74,4.4,4.3,2.12,0.8,1.21,1.84,0.43,0.77,2.43,0.71,0.21,0.46,1.37,2.68,4.4,5.9,4.27,3.15,3.02,1.24
9.27,9.21,9.09,9.12,9.02,9.02,9.12,9.27,9.3,9.18,9.09,8.96,8.74,8.74,8.71,8.77,9.09,9.15,8.9,8.68,8.74,8.4,7.74,7.21,7.37,7.59,7.34,6.93,6.74,7.12,7.12,7.65,7.96,7.96,7.93,7.71,7.52,7.37,7.09,5.96,5.3,4.87,4.43,4.3,4.84,5.3,5.46,5.71,5.71,7.55,7.4,6.93,6.59,6.65,5.37,3.24,2.18,2.09,1.49,2.12,3.77,5.09,4.65,3.9,3.34,3.34,1.37,3.9,3.15,1.65,0.27,0.49,1.55,1.84,0.8,0.05,0.46,1.3,2.34,3.43,4.65,4.21,2.46,2.46,1.8
9.27,9.24,9.15,9.12,9.02,8.99,9.09,9.18,9.27,9.15,9.05,8.96,8.99,8.84,8.74,8.8,9.02,9.09,8.9,8.71,8.77,8.37,7.77,7.37,7.65,7.77,7.43,7.12,7.09,7.05,7.46,7.68,7.84,7.8,7.77,7.46,7.34,7.15,6.49,6.02,5.68,5.37,4.87,4.65,4.8,4.74,4.8,4.84,4.71,5.34,4.65,6.4,6.65,7.05,6.8,4.8,3.18,2.84,1.27,1.9,3.15,3.71,3.49,2.37,0.99,0.99,1.93,3.74,3.55,2.74,0.77,0.15,0.87,1.4,1.96,0.87,0.49,1.49,2.02,1.87,2.62,2.15,2.15,0.9,1.8
9.27,9.24,9.18,9.15,9.02,8.93,9.05,9.21,9.21,9.09,9.05,9.05,9.12,8.96,8.8,8.87,9.02,9.05,8.8,8.65,8.71,8.34,7.74,7.49,7.77,7.84,7.52,7.3,7.27,7.27,7.52,7.65,7.65,7.55,7.52,7.3,7.24,7.05,6.34,5.99,5.87,5.74,5.43,5.21,4.9,4.43,4.37,4.34,3.59,2.93,1.9,4.55,5.71,6.62,7.4,5.02,4.8,4.62,3.21,3.59,5.21,5.24,3.21,1.93,1.84,1.74,2.9,3.15,2.74,3.3,1.24,0.34,0.99,2.52,2.34,1.05,0.71,1.49,1.74,0.96,1.52,1.24,1.21,0.8,2.24
9.3,9.27,9.24,9.24,9.05,8.9,9.05,9.21,9.24,9.15,9.12,9.12,9.21,9.05,8.84,8.93,9.05,9.02,8.77,8.71,8.68,8.3,7.74,7.52,7.77,7.84,7.55,7.4,7.37,7.3,7.52,7.55,7.49,7.27,7.21,7.15,7.24,6.77,6.3,5.96,5.93,5.9,5.74,5.49,5.09,4.65,4.62,4.34,2.8,1.59,1.59,3.46,4.49,5.37,6.21,5.93,5.46,5.49,4.8,4.27,6.27,8.37,7.3,4.37,4.24,3.68,3.46,1.09,1.71,2.71,1.21,0.68,1.59,2.65,1.71,0.77,0.43,0.77,0.93,0.52,0.71,0.55,0.59,1.18,2.77
9.43,9.4,9.24,9.27,9.18,8.9,9.02,9.27,9.27,9.27,9.21,9.21,9.24,9.05,8.9,8.99,9.09,8.99,8.68,8.74,8.68,8.27,7.77,7.55,7.77,7.84,7.59,7.59,7.43,7.37,7.46,7.55,7.4,7.12,6.99,7.18,7.09,6.71,6.24,5.99,5.99,5.96,5.77,5.59,5.4,5.37,5.15,4.49,2.37,1.09,1.55,3.4,3.96,4.46,4.15,4.27,4.02,4.55,3.96,3.3,4.4,5.74,7.21,7.43,6.34,4.52,3.24,1.46,2.27,1.9,3.21,2.52,2.24,2.37,1.43,0.65,0.52,1.15,0.87,0.93,1.99,1.99,1.8,1.8,1.62
9.52,9.52,9.37,9.34,9.27,8.99,8.99,9.3,9.3,9.37,9.27,9.27,9.24,9.09,8.96,8.96,9.09,8.8,8.71,8.77,8.68,8.27,7.74,7.62,7.87,7.87,7.62,7.62,7.46,7.43,7.59,7.55,7.37,7.09,7.02,7.21,6.96,6.55,6.21,6.05,6.12,5.93,5.71,5.71,5.84,5.84,5.65,4.59,2.3,1.43,1.9,2.93,3.62,3.05,2.02,2.21,3.34,4.9,4.84,3.99,4.05,2.62,3.02,2.99,4.02,4.55,2.12,2.15,3.02,3.74,3.87,2.68,1.87,2.05,2.46,1.93,1.43,2.37,2.24,2.52,3.84,3.84,2.43,1.27,0.68
9.68,9.65,9.49,9.43,9.34,9.02,8.96,8.96,9.27,9.37,9.3,9.27,9.24,9.15,9.02,9.02,9.05,8.8,8.74,8.84,8.68,8.24,7.74,7.68,7.93,7.9,7.9,7.62,7.46,7.52,7.68,7.62,7.37,7.18,7.15,7.05,6.77,6.46,6.21,6.15,6.21,5.93,5.65,5.93,5.93,6.18,5.84,4.37,2.62,2.21,2.59,2.9,3.18,2.65,2.8,2.68,3.68,5.55,5.34,4.15,5.18,4.68,5.15,5.02,2.77,2.09,1.9,4.43,3.8,4.3,4.46,3.46,3.3,2.74,2.65,2.77,2.02,3.09,3.71,3.15,3.77,3.71,1.09,1.15,1.4
9.77,9.65,9.55,9.49,9.4,9.09,8.74,8.77,9.24,9.24,9.27,9.27,9.24,9.12,9.02,9.05,8.99,8.8,8.77,8.84,8.68,8.24,7.74,7.71,7.93,7.93,7.87,7.59,7.49,7.65,7.84,7.71,7.43,7.21,7.21,7.02,6.71,6.43,6.21,6.24,6.18,5.84,5.71,6.12,6.15,6.27,5.59,3.87,3.05,3.05,3.46,3.27,3.12,3.27,3.4,3.09,3.09,4.4,3.49,2.4,4.05,4.87,4.93,5.99,4.9,3.59,4.55,3.71,3.12,3.68,4.18,4.52,5.59,4.68,2.87,2.3,2.59,2.99,3.46,1.87,1.96,1.96,1.18,2.59,3.49
9.74,9.59,9.55,9.43,9.37,9.12,9.05,8.59,9.02,9.09,9.18,9.24,9.27,9.21,9.12,9.15,9.02,8.8,8.77,8.84,8.71,8.21,7.71,7.74,7.74,7.93,7.84,7.59,7.59,7.77,7.93,7.8,7.52,7.3,7.21,6.96,6.68,6.4,6.24,6.3,6.12,5.77,5.8,5.8,6.18,6.21,5.09,3.37,3.52,3.84,4.15,3.87,3.46,3.21,2.9,2.8,2.77,2.8,3.62,2.4,2.77,4.18,4.3,5.77,6.93,5.77,4.9,2.62,4.15,2.9,2.59,5.68,6.87,6.52,3.8,2.74,4.02,3.62,2.74,0.59,0.52,1.43,1.87,1.99,2.34
9.71,9.55,9.43,9.37,9.34,9.34,9.12,8.46,8.8,9.02,9.12,9.21,9.37,9.27,9.21,9.24,9.12,8.9,8.84,8.87,8.74,8.21,7.74,7.8,7.8,7.9,7.8,7.68,7.74,7.87,8.02,7.87,7.59,7.3,7.21,7.02,6.77,6.4,6.3,6.34,6.02,5.74,5.71,5.99,6.3,6.05,4.59,3.24,3.99,4.37,4.59,4.21,3.93,3.46,3.05,3.71,3.8,3.49,3.3,2.21,2.62,2.59,2.62,3.93,4.02,3.96,3.02,0.52,1.52,0.99,1.52,2.96,3.09,5.99,4.87,4.05,5.8,6.09,4.34,2.15,2.05,2.71,2.21,1.52,0.74
9.59,9.52,9.4,9.34,9.34,9.3,9.12,8.46,8.71,8.99,9.12,9.24,9.46,9.27,9.27,9.34,9.21,8.93,8.87,8.87,8.71,8.18,7.8,7.71,7.8,7.87,7.77,7.74,7.8,7.99,8.15,8.02,7.46,7.34,7.21,7.12,6.84,6.52,6.3,6.24,5.93,5.71,5.74,6.12,6.4,5.84,4.12,3.49,4.27,4.59,4.74,3.93,4.05,3.8,3.49,3.93,4.27,5.52,4.93,3.52,4.18,4.3,5.99,2.77,2.34,3.27,1.96,0.59,0.99,0.34,2.74,1.74,1.9,4.65,3.84,3.65,5.71,6.18,5.84,5.24,5.18,5.05,4.34,2.62,2.05
9.59,9.52,9.34,9.34,9.3,9.37,9.18,8.65,8.74,9.12,9.27,9.43,9.43,9.3,9.34,9.43,9.24,8.99,8.87,8.87,8.71,8.24,8.21,7.8,7.87,7.9,7.77,7.74,7.84,8.09,8.24,8.12,7.52,7.4,7.3,7.3,6.93,6.59,6.4,6.18,5.8,5.8,5.74,6.21,6.4,5.52,3.9,3.84,4.46,4.68,4.77,3.87,4.18,4.27,3.99,5.27,4.77,4.87,5.24,4.24,4.21,4.05,7.84,6.55,2.84,2.34,1.52,2.15,1.62,1.18,1.46,2.37,2.49,4.05,3.62,2.12,3.43,3.71,3.84,3.9,3.93,4.24,4.52,4.96,4.55
9.55,9.46,9.52,9.3,9.34,9.37,9.3,8.87,8.87,9.21,9.37,9.49,9.37,9.27,9.34,9.46,9.24,8.93,8.8,8.8,8.68,8.68,8.27,7.9,7.96,7.96,7.8,7.8,7.93,8.18,8.3,7.84,7.62,7.52,7.46,7.37,7.09,6.71,6.4,6.15,6.12,5.74,5.77,6.3,6.37,5.24,3.99,4.27,4.65,4.74,4.52,3.93,3.8,3.4,3.27,4.71,4.65,3.71,4.12,3.8,3.77,3.74,5.87,8.27,5.9,1.74,2.34,0.71,1.27,0.21,0.34,1.15,1.3,1.74,2.3,1.15,1.49,2.43,2.05,2.05,1.8,1.74,2.3,3.49,4.02
9.49,9.49,9.46,9.3,9.3,9.4,9.4,9.05,8.96,9.27,9.3,9.46,9.3,9.21,9.3,9.4,9.21,8.84,8.77,8.74,8.74,8.65,8.3,7.99,8.05,8.02,7.87,7.87,8.02,8.27,8.21,7.93,7.71,7.62,7.52,7.46,7.21,6.77,6.49,6.18,6.15,5.77,5.87,6.4,6.27,4.99,4.21,4.59,4.84,4.84,4.71,4.37,3.93,3.43,3.24,3.59,5.46,5.43,4.99,4.9,4.62,4.46,4.9,6.4,6.74,3.37,1.05,1.4,1.3,0.34,0.43,1.4,0.99,0.37,0.43,0.37,0.93,0.93,0.93,0.99,1.71,0.93,0.65,0.84,1.62
9.49,9.49,9.43,9.37,9.34,9.46,9.46,9.18,8.99,9.21,9.3,9.37,9.18,9.12,9.15,9.21,9.02,8.71,8.68,8.74,8.74,8.68,8.4,8.12,8.18,8.12,7.93,7.93,8.09,8.46,8.24,7.96,7.84,7.74,7.65,7.65,7.3,6.87,6.59,6.55,6.21,5.84,5.96,6.4,6.05,4.77,4.37,4.84,5.09,5.12,4.99,4.84,4.59,3.99,3.62,4.3,5.15,6.8,6.15,6.24,6.21,6.09,5.8,7.12,6.09,3.46,1.74,3.62,2.87,3.15,3.09,1.93,0.71,1.02,0.93,0.59,1.34,1.37,1.34,0.65,0.71,1.43,1.12,1.15,1.68
9.49,9.52,9.49,9.46,9.46,9.49,9.49,9.18,8.96,9.05,9.12,9.15,9.05,8.99,8.99,9.05,8.9,8.68,8.68,8.68,8.74,8.71,8.46,8.21,8.24,8.21,8.02,7.96,8.15,8.46,8.27,8.05,7.96,7.87,7.84,7.74,7.43,6.96,6.93,6.59,6.27,5.96,6.05,6.4,5.84,4.62,4.55,5.05,5.52,5.3,5.3,5.27,5.21,4.68,3.8,3.09,4.12,3.99,3.93,4.12,5.9,5.9,4.05,4.09,5.02,4.15,2.93,3.84,3.59,1.52,1.12,0.96,1.52,1.87,2.15,1.55,1.27,0.59,0.62,1.24,0.4,0.62,1.12,1.9,2.65
9.55,9.62,9.59,9.59,9.55,9.49,9.52,9.18,9.02,8.96,8.93,9.02,9.05,8.99,8.96,8.96,8.93,8.68,8.68,8.74,8.8,8.71,8.46,8.24,8.27,8.24,8.09,8.05,8.46,8.52,8.27,8.12,8.09,8.02,7.93,7.84,7.52,7.05,7.02,6.65,6.34,6.02,6.15,6.4,5.62,4.52,4.77,5.3,5.8,5.55,5.55,5.37,5.37,5.21,3.8,1.12,1.49,4.09,4.21,4.74,2.4,2.15,1.55,1.18,3.27,4.96,3.8,3.74,2.34,1.15,2.24,2.84,3.49,3.99,2.65,1.77,0.84,0.77,0.9,1.68,0.8,0.15,0.68,1.77,2.77
9.65,9.68,9.65,9.65,9.59,9.46,9.49,8.93,9.02,8.99,8.96,9.05,9.18,8.99,8.96,9.05,8.96,8.96,8.74,8.8,8.84,8.71,8.46,8.24,8.3,8.24,8.15,8.27,8.49,8.52,8.34,8.12,8.05,8.12,8.05,7.96,7.52,7.52,7.02,6.74,6.43,6.18,6.34,6.4,5.46,4.59,4.99,5.87,6.02,5.77,5.55,4.87,4.93,5.62,4.12,0.96,0.05,0.09,1.84,3.4,2.93,2.24,1.15,0.52,1.71,3.27,3.15,3.49,2.52,2.27,2.9,3.74,3.84,3.71,1.34,1.99,1.3,1.27,2.15,2.05,0.71,0.15,0.46,1.55,2.46
9.74,9.68,9.68,9.65,9.59,9.46,9.34,9.02,9.09,9.15,9.12,9.15,9.24,9.09,8.96,9.15,9.15,9.02,8.84,8.84,8.84,8.71,8.49,8.27,8.3,8.3,8.15,8.34,8.59,8.55,8.4,8.21,8.15,8.15,8.15,7.99,7.99,7.59,7.02,6.77,6.52,6.27,6.46,6.4,5.43,4.84,5.68,6.02,6.12,5.87,5.34,4.21,4.05,5.99,6.87,4.21,1.05,0.93,0.15,1.09,1.68,1.84,2.12,1.99,1.37,1.96,2.37,1.96,2.4,2.71,3.34,4.15,4.09,2.46,0.62,1.02,1.15,1.18,2.02,2.18,0.59,0.09,0.43,1.74,2.65
9.77,9.71,9.68,9.65,9.55,9.46,9.43,9.12,9.24,9.37,9.24,9.27,9.21,9.09,8.96,8.96,9.09,9.05,8.87,8.87,8.84,8.71,8.52,8.3,8.4,8.24,8.21,8.37,8.62,8.62,8.4,8.27,8.24,8.18,8.18,7.99,7.96,7.59,7.12,6.84,6.62,6.43,6.62,6.4,5.43,5.12,5.87,6.09,6.12,5.9,5.3,4.27,2.84,3.46,6.49,7.65,7.65,4.34,0.9,0.15,0.12,0.55,1.34,2.49,3.02,3.05,1.52,1.34,2.3,2.34,1.99,2.15,2.84,2.02,1.87,1.84,1.8,2.52,2.68,2.96,1.9,0.9,0.8,1.99,2.8
9.84,9.8,9.68,9.62,9.52,9.49,9.55,9.24,9.27,9.46,9.4,9.3,9.18,9.05,9.05,8.96,9.05,9.02,8.9,8.87,8.84,8.77,8.59,8.4,8.49,8.34,8.27,8.4,8.62,8.62,8.46,8.3,8.21,8.18,8.18,8.18,7.99,7.59,7.21,6.93,6.71,6.59,6.8,6.46,5.59,5.77,5.96,6.12,6.05,5.84,5.65,5.34,2.99,1.05,2.34,2.52,5.34,6.43,4.02,1.24,0.09,0.21,0.24,0.55,1.74,2.24,0.9,1.02,2.09,1.52,1.15,1.15,2.93,2.99,2.43,1.65,1.65,1.59,2.65,2.62,1.99,1.71,1.52,1.93,2.34
9.9,9.9,9.9,9.71,9.65,9.59,9.71,9.43,9.27,9.52,9.52,9.43,9.21,9.21,8.96,8.9,9.09,9.12,8.99,8.93,8.93,8.87,8.68,8.49,8.55,8.4,8.3,8.43,8.65,8.62,8.52,8.3,8.21,8.18,8.18,8.18,7.99,7.65,7.27,6.99,6.8,6.71,6.9,6.49,5.74,5.96,6.02,6.05,5.96,5.77,5.62,6.27,5.24,2.21,0.09,0.12,2.05,3.59,4.43,3.99,0.34,0.21,0.4,0.05,0.46,2.62,1.62,2.87,2.74,2.09,1.46,0.9,1.84,2.27,0.65,0.3,0.37,0.93,0.99,1.09,2.43,2.49,2.02,1.93,1.99
10.05,10.05,10.05,9.9,9.8,9.71,9.8,9.65,9.27,9.49,9.59,9.43,9.59,9.24,9.05,8.96,9.12,9.21,9.12,9.09,9.05,8.96,8.77,8.62,8.62,8.46,8.34,8.43,8.65,8.62,8.52,8.3,8.18,8.18,8.18,8.18,7.99,7.74,7.4,7.09,6.87,6.84,6.96,6.52,5.99,6.09,6.12,6.05,5.8,5.59,5.21,5.84,7.21,6.87,6.65,2.24,0.52,0.65,1.4,2.93,1.27,0.24,0.49,0.21,0.05,2.34,2.9,4.24,4.27,2.43,1.24,0.27,0.24,0.46,0.52,0.49,0.43,0.37,0.65,1.46,2.77,2.43,2.02,2.02,1.99
10.21,10.21,10.18,9.99,9.9,9.8,9.84,9.8,9.3,9.46,9.68,9.68,9.65,9.34,9.15,9.05,9.21,9.37,9.37,9.27,9.18,9.09,8.68,8.68,8.65,8.46,8.34,8.4,8.65,8.62,8.49,8.3,8.3,8.18,8.18,8.18,8.12,7.9,7.49,7.09,6.87,6.87,6.93,6.15,6.15,6.18,6.15,5.99,5.68,5.43,5.18,4.59,6.05,8.18,8.27,7.65,3.4,1.74,2.05,0.68,0.62,0.55,0.43,0.43,1.12,2.8,3.27,1.9,2.02,0.59,0.12,0.05,0.18,1.12,0.71,0.68,0.46,0.3,0.21,0.77,2.18,2.3,1.71,1.65,1.65
