OLD/leaflet-scaler-canvas-layer/docs/data/Test_U.asc
ncols         61
nrows         37
xllcorner     129.5835
yllcorner     -50.2940
cellsize      0.5560
NODATA_value  -999.0000
[rows 0 to 19 of 37, columns 0 to 45 of 61]
-3.6909122467041 -3.5659122467041 -2.6909122467041 -0.940912246704102 0.684087753295898 1.4340877532959 1.4340877532959 0.809087753295898 -0.0659122467041016 -1.1909122467041 -1.1909122467041 -0.0659122467041016 0.309087753295898 -0.190912246704102 -0.440912246704102 -0.815912246704102 -1.3159122467041 -1.6909122467041 -2.3159122467041 -3.3159122467041 -4.3159122467041 -4.8159122467041 -4.9409122467041 -4.6909122467041 -3.6909122467041 -2.6909122467041 -1.8159122467041 -0.815912246704102 -1.4409122467041 -2.3159122467041 -1.8159122467041 -0.940912246704102 0.184087753295898 1.1840877532959 2.1840877532959 3.0590877532959 3.8090877532959 4.5590877532959 5.4340877532959 6.4340877532959 7.4340877532959 8.4340877532959 9.1840877532959 9.8090877532959 10.4340877532959 10.8090877532959
-3.1909122467041 -3.0659122467041 -2.8159122467041 -1.6909122467041 -0.0659122467041016 1.5590877532959 2.1840877532959 1.9340877532959 0.809087753295898 -0.690912246704102 -0.815912246704102 0.434087753295898 0.559087753295898 -0.190912246704102 -0.690912246704102 -1.0659122467041 -1.4409122467041 -1.9409122467041 -2.8159122467041 -3.6909122467041 -4.4409122467041 -4.8159122467041 -5.0659122467041 -4.6909122467041 -3.5659122467041 -2.5659122467041 -1.5659122467041 -0.190912246704102 -0.815912246704102 -2.6909122467041 -2.9409122467041 -2.4409122467041 -1.6909122467041 -0.815912246704102 0.0590877532958984 0.809087753295898 1.4340877532959 2.1840877532959 2.9340877532959 3.9340877532959 5.1840877532959 6.5590877532959 7.9340877532959 9.0590877532959 10.1840877532959 11.0590877532959
-2.4409122467041 -2.4409122467041 -2.4409122467041 -2.0659122467041 -0.690912246704102 1.3090877532959 2.9340877532959 3.1840877532959 2.1840877532959 0.309087753295898 -0.190912246704102 0.809087753295898 0.559087753295898 -0.190912246704102 -0.565912246704102 -0.815912246704102 -1.3159122467041 -1.9409122467041 -2.8159122467041 -3.4409122467041 -4.0659122467041 -4.5659122467041 -4.9409122467041 -4.4409122467041 -3.1909122467041 -2.3159122467041 -1.3159122467041 0.184087753295898 -0.440912246704102 -2.6909122467041 -3.1909122467041 -2.9409122467041 -2.3159122467041 -1.5659122467041 -0.815912246704102 -0.190912246704102 0.309087753295898 0.684087753295898 1.1840877532959 1.9340877532959 2.9340877532959 4.3090877532959 5.6840877532959 7.3090877532959 8.8090877532959 10.0590877532959
-1.6909122467041 -1.9409122467041 -2.1909122467041 -2.0659122467041 -1.1909122467041 0.809087753295898 3.0590877532959 4.0590877532959 3.5590877532959 1.6840877532959 0.684087753295898 1.0590877532959 0.684087753295898 0.184087753295898 0.0590877532958984 -0.190912246704102 -0.940912246704102 -1.6909122467041 -2.4409122467041 -3.0659122467041 -3.4409122467041 -4.0659122467041 -4.6909122467041 -4.1909122467041 -2.6909122467041 -2.0659122467041 -1.0659122467041 -0.0659122467041016 -1.0659122467041 -2.8159122467041 -3.0659122467041 -2.6909122467041 -2.0659122467041 -1.3159122467041 -0.690912246704102 -0.0659122467041016 0.309087753295898 0.434087753295898 0.684087753295898 1.0590877532959 1.8090877532959 2.8090877532959 4.0590877532959 5.4340877532959 6.8090877532959 8.1840877532959
-0.940912246704102 -1.3159122467041 -1.6909122467041 -1.9409122467041 -1.8159122467041 -0.190912246704102 2.5590877532959 4.4340877532959 4.5590877532959 3.1840877532959 1.9340877532959 1.6840877532959 1.4340877532959 1.3090877532959 1.0590877532959 0.434087753295898 -0.565912246704102 -1.3159122467041 -2.0659122467041 -2.5659122467041 -2.8159122467041 -3.5659122467041 -4.1909122467041 -3.8159122467041 -2.4409122467041 -1.6909122467041 -0.940912246704102 -0.815912246704102 -1.9409122467041 -2.6909122467041 -2.5659122467041 -1.8159122467041 -1.0659122467041 -0.440912246704102 0.0590877532958984 0.434087753295898 0.684087753295898 0.809087753295898 0.934087753295898 1.1840877532959 1.6840877532959 2.4340877532959 3.3090877532959 4.3090877532959 5.3090877532959 6.4340877532959
0.184087753295898 -0.190912246704102 -0.690912246704102 -1.1909122467041 -1.4409122467041 -0.940912246704102 1.4340877532959 4.0590877532959 5.4340877532959 4.5590877532959 3.1840877532959 2.6840877532959 2.3090877532959 1.9340877532959 1.3090877532959 0.684087753295898 -0.190912246704102 -0.815912246704102 -1.5659122467041 -1.9409122467041 -2.3159122467041 -2.9409122467041 -3.3159122467041 -2.8159122467041 -1.6909122467041 -0.940912246704102 -1.0659122467041 -1.8159122467041 -2.4409122467041 -2.3159122467041 -1.6909122467041 -0.940912246704102 -0.0659122467041016 0.434087753295898 0.684087753295898 0.934087753295898 0.934087753295898 1.0590877532959 1.1840877532959 1.5590877532959 2.0590877532959 2.6840877532959 3.1840877532959 3.9340877532959 4.5590877532959 5.4340877532959
1.4340877532959 1.0590877532959 0.559087753295898 0.0590877532958984 -0.315912246704102 -0.315912246704102 0.559087753295898 3.1840877532959 5.5590877532959 5.4340877532959 4.0590877532959 3.5590877532959 2.8090877532959 1.8090877532959 1.3090877532959 0.809087753295898 0.184087753295898 -0.565912246704102 -1.4409122467041 -1.9409122467041 -2.0659122467041 -2.1909122467041 -2.3159122467041 -1.4409122467041 -0.440912246704102 -0.190912246704102 -1.0659122467041 -2.3159122467041 -2.1909122467041 -1.5659122467041 -0.940912246704102 -0.0659122467041016 0.559087753295898 0.934087753295898 1.0590877532959 1.0590877532959 1.0590877532959 1.1840877532959 1.4340877532959 2.0590877532959 2.6840877532959 3.1840877532959 3.5590877532959 3.9340877532959 4.5590877532959 5.4340877532959
2.8090877532959 2.4340877532959 1.9340877532959 1.4340877532959 1.0590877532959 0.809087753295898 0.684087753295898 2.4340877532959 4.5590877532959 4.8090877532959 4.5590877532959 4.0590877532959 3.1840877532959 1.9340877532959 1.3090877532959 0.934087753295898 0.434087753295898 -0.565912246704102 -1.5659122467041 -2.3159122467041 -2.3159122467041 -1.9409122467041 -1.3159122467041 -0.0659122467041016 0.0590877532958984 -0.315912246704102 -0.940912246704102 -1.9409122467041 -1.6909122467041 -1.0659122467041 -0.315912246704102 0.434087753295898 1.0590877532959 1.3090877532959 1.3090877532959 1.3090877532959 1.3090877532959 1.5590877532959 2.0590877532959 2.6840877532959 3.3090877532959 3.8090877532959 4.0590877532959 4.3090877532959 5.0590877532959 6.0590877532959
4.0590877532959 3.8090877532959 3.3090877532959 2.9340877532959 2.5590877532959 2.1840877532959 1.8090877532959 2.5590877532959 3.4340877532959 4.0590877532959 4.5590877532959 4.5590877532959 3.8090877532959 2.3090877532959 1.5590877532959 1.1840877532959 0.559087753295898 -0.565912246704102 -1.6909122467041 -2.4409122467041 -2.4409122467041 -1.9409122467041 -0.690912246704102 0.809087753295898 0.184087753295898 -0.565912246704102 -0.815912246704102 -1.4409122467041 -1.0659122467041 -0.440912246704102 0.184087753295898 0.934087753295898 1.4340877532959 1.6840877532959 1.8090877532959 1.8090877532959 1.9340877532959 2.3090877532959 2.9340877532959 3.6840877532959 4.3090877532959 4.6840877532959 4.8090877532959 5.0590877532959 5.8090877532959 7.0590877532959
5.5590877532959 5.1840877532959 4.6840877532959 4.1840877532959 3.8090877532959 3.4340877532959 3.1840877532959 3.0590877532959 3.1840877532959 3.6840877532959 4.5590877532959 5.3090877532959 4.9340877532959 3.4340877532959 2.3090877532959 1.8090877532959 0.934087753295898 -0.190912246704102 -1.3159122467041 -2.0659122467041 -2.3159122467041 -1.3159122467041 0.434087753295898 1.4340877532959 0.309087753295898 -0.940912246704102 -0.815912246704102 -0.815912246704102 -0.315912246704102 0.309087753295898 0.934087753295898 1.5590877532959 2.0590877532959 2.3090877532959 2.4340877532959 2.5590877532959 2.9340877532959 3.4340877532959 4.1840877532959 4.9340877532959 5.4340877532959 5.6840877532959 5.8090877532959 6.0590877532959 7.0590877532959 8.3090877532959
6.8090877532959 6.5590877532959 6.0590877532959 5.4340877532959 4.9340877532959 4.4340877532959 4.0590877532959 3.8090877532959 3.8090877532959 4.1840877532959 5.0590877532959 6.3090877532959 6.5590877532959 5.1840877532959 3.6840877532959 2.6840877532959 1.6840877532959 0.434087753295898 -0.815912246704102 -1.5659122467041 -1.4409122467041 -0.190912246704102 1.6840877532959 1.9340877532959 0.0590877532958984 -1.1909122467041 -0.940912246704102 -0.190912246704102 0.434087753295898 1.0590877532959 1.8090877532959 2.3090877532959 2.6840877532959 2.9340877532959 3.1840877532959 3.4340877532959 3.9340877532959 4.5590877532959 5.3090877532959 6.0590877532959 6.5590877532959 6.8090877532959 7.0590877532959 7.3090877532959 8.1840877532959 9.4340877532959
7.9340877532959 7.6840877532959 7.1840877532959 6.4340877532959 5.8090877532959 5.1840877532959 4.8090877532959 4.5590877532959 4.5590877532959 4.9340877532959 5.8090877532959 7.0590877532959 7.9340877532959 7.0590877532959 5.3090877532959 3.5590877532959 2.3090877532959 1.0590877532959 -0.190912246704102 -0.815912246704102 -0.190912246704102 1.1840877532959 2.4340877532959 1.9340877532959 0.0590877532958984 -0.815912246704102 -0.440912246704102 0.434087753295898 1.1840877532959 1.9340877532959 2.6840877532959 3.0590877532959 3.4340877532959 3.8090877532959 4.0590877532959 4.3090877532959 4.9340877532959 5.5590877532959 6.1840877532959 6.9340877532959 7.4340877532959 7.9340877532959 8.1840877532959 8.4340877532959 9.1840877532959 10.1840877532959
8.6840877532959 8.4340877532959 7.9340877532959 7.1840877532959 6.5590877532959 5.8090877532959 5.4340877532959 5.1840877532959 5.3090877532959 5.6840877532959 6.3090877532959 7.5590877532959 8.8090877532959 8.3090877532959 6.0590877532959 3.9340877532959 2.5590877532959 1.5590877532959 0.434087753295898 -0.315912246704102 0.559087753295898 2.3090877532959 3.1840877532959 1.9340877532959 -0.190912246704102 -0.440912246704102 0.184087753295898 1.0590877532959 1.9340877532959 2.8090877532959 3.4340877532959 3.8090877532959 4.0590877532959 4.4340877532959 4.6840877532959 5.1840877532959 5.6840877532959 6.1840877532959 6.9340877532959 7.5590877532959 8.1840877532959 8.6840877532959 8.9340877532959 9.1840877532959 9.8090877532959 10.8090877532959
9.0590877532959 8.9340877532959 8.4340877532959 7.8090877532959 7.0590877532959 6.4340877532959 5.9340877532959 5.8090877532959 5.9340877532959 6.3090877532959 6.9340877532959 8.0590877532959 9.4340877532959 9.4340877532959 6.6840877532959 3.8090877532959 2.8090877532959 2.0590877532959 0.809087753295898 -0.190912246704102 0.934087753295898 2.4340877532959 2.5590877532959 0.809087753295898 -0.940912246704102 -0.440912246704102 0.559087753295898 1.5590877532959 2.5590877532959 3.4340877532959 4.0590877532959 4.4340877532959 4.6840877532959 4.9340877532959 5.3090877532959 5.8090877532959 6.3090877532959 6.8090877532959 7.3090877532959 7.9340877532959 8.4340877532959 8.9340877532959 9.4340877532959 9.8090877532959 10.4340877532959 11.4340877532959
9.4340877532959 9.1840877532959 8.8090877532959 8.1840877532959 7.5590877532959 6.9340877532959 6.4340877532959 6.3090877532959 6.5590877532959 6.9340877532959 7.5590877532959 8.5590877532959 9.9340877532959 10.8090877532959 8.9340877532959 5.8090877532959 4.1840877532959 3.0590877532959 1.1840877532959 0.184087753295898 1.0590877532959 1.0590877532959 0.0590877532958984 -1.4409122467041 -1.8159122467041 -0.690912246704102 0.684087753295898 1.9340877532959 3.0590877532959 3.9340877532959 4.5590877532959 4.8090877532959 5.0590877532959 5.4340877532959 5.8090877532959 6.3090877532959 6.6840877532959 7.1840877532959 7.5590877532959 8.0590877532959 8.5590877532959 9.0590877532959 9.6840877532959 10.3090877532959 10.9340877532959 11.8090877532959
9.6840877532959 9.5590877532959 9.1840877532959 8.5590877532959 8.0590877532959 7.4340877532959 6.9340877532959 6.8090877532959 7.0590877532959 7.5590877532959 8.1840877532959 8.9340877532959 10.0590877532959 11.3090877532959 10.9340877532959 8.4340877532959 5.8090877532959 4.0590877532959 2.0590877532959 1.4340877532959 1.4340877532959 -0.440912246704102 -2.5659122467041 -3.3159122467041 -2.8159122467041 -1.0659122467041 0.934087753295898 2.4340877532959 3.5590877532959 4.4340877532959 4.8090877532959 5.0590877532959 5.3090877532959 5.8090877532959 6.3090877532959 6.8090877532959 7.0590877532959 7.4340877532959 7.8090877532959 8.0590877532959 8.4340877532959 8.9340877532959 9.6840877532959 10.3090877532959 10.9340877532959 11.5590877532959
10.0590877532959 9.8090877532959 9.4340877532959 8.9340877532959 8.5590877532959 8.0590877532959 7.5590877532959 7.3090877532959 7.4340877532959 8.0590877532959 8.6840877532959 9.3090877532959 10.1840877532959 11.0590877532959 11.0590877532959 9.1840877532959 6.5590877532959 4.4340877532959 3.3090877532959 2.8090877532959 1.1840877532959 -1.8159122467041 -3.9409122467041 -4.3159122467041 -2.9409122467041 -0.690912246704102 1.4340877532959 2.9340877532959 4.0590877532959 4.6840877532959 4.9340877532959 5.3090877532959 5.6840877532959 6.3090877532959 6.9340877532959 7.1840877532959 7.3090877532959 7.5590877532959 7.8090877532959 7.8090877532959 8.1840877532959 8.5590877532959 9.1840877532959 9.9340877532959 10.4340877532959 10.8090877532959
10.3090877532959 10.0590877532959 9.8090877532959 9.4340877532959 9.1840877532959 8.9340877532959 8.4340877532959 7.9340877532959 7.9340877532959 8.5590877532959 9.1840877532959 9.8090877532959 10.4340877532959 11.1840877532959 11.1840877532959 10.0590877532959 8.0590877532959 5.9340877532959 4.6840877532959 2.9340877532959 -0.190912246704102 -3.0659122467041 -4.1909122467041 -3.6909122467041 -1.9409122467041 0.309087753295898 2.1840877532959 3.4340877532959 4.1840877532959 4.5590877532959 4.9340877532959 5.4340877532959 6.1840877532959 6.8090877532959 7.3090877532959 7.4340877532959 7.5590877532959 7.6840877532959 7.5590877532959 7.5590877532959 7.8090877532959 8.0590877532959 8.6840877532959 9.4340877532959 10.0590877532959 10.3090877532959
10.5590877532959 10.4340877532959 10.1840877532959 10.0590877532959 9.9340877532959 9.6840877532959 9.1840877532959 8.6840877532959 8.5590877532959 9.0590877532959 9.8090877532959 10.4340877532959 10.9340877532959 11.4340877532959 11.8090877532959 11.4340877532959 10.0590877532959 8.0590877532959 5.6840877532959 2.3090877532959 -1.3159122467041 -3.3159122467041 -3.1909122467041 -2.0659122467041 -0.190912246704102 1.6840877532959 3.0590877532959 3.8090877532959 4.1840877532959 4.4340877532959 4.9340877532959 5.6840877532959 6.5590877532959 7.3090877532959 7.6840877532959 7.6840877532959 7.8090877532959 7.6840877532959 7.4340877532959 7.4340877532959 7.5590877532959 7.8090877532959 8.4340877532959 9.1840877532959 9.6840877532959 10.1840877532959
10.6840877532959 10.6840877532959 10.5590877532959 10.5590877532959 10.4340877532959 10.3090877532959 9.9340877532959 9.4340877532959 9.1840877532959 9.5590877532959 10.3090877532959 11.0590877532959 11.6840877532959 12.0590877532959 12.4340877532959 12.3090877532959 11.4340877532959 8.5590877532959 4.6840877532959 1.6840877532959 -0.565912246704102 -1.1909122467041 -0.565912246704102 0.434087753295898 1.8090877532959 3.0590877532959 3.8090877532959 3.9340877532959 4.0590877532959 4.3090877532959 5.0590877532959 6.0590877532959 6.9340877532959 7.6840877532959 7.9340877532959 7.9340877532959 7.9340877532959 7.8090877532959 7.4340877532959 7.4340877532959 7.6840877532959 7.9340877532959 8.5590877532959 9.0590877532959 9.5590877532959 10.1840877532959
